Gaussian Generator(1.0): mean=1.0,stDev=1.0
Gaussian Generator(3.0): mean=3.0,stDev=1.0
Gaussian Generator(5.0): mean=5.0,stDev=1.0
5.0	5.2095582813778565
1.0	0.09973600804156557
5.0	4.095139493484953
5.0	4.374815098300343
1.0	0.9057074461967815
1.0	-0.09257943909432176
5.0	3.2843442302879344
3.0	4.97366835061154
3.0	2.0337183830896244
5.0	5.029665465317612
5.0	4.940815284269094
1.0	2.303012902538411
1.0	0.9092685328718549
1.0	0.9422741328305634
5.0	4.524545925911422
3.0	4.766051464983624
5.0	5.615877232146586
5.0	4.996148450518905
5.0	5.746311164453278
1.0	1.0077755577057956
3.0	2.8349187382803094
1.0	-0.01812665674591485
3.0	3.2830024560273277
3.0	3.907658512047115
3.0	5.340316047308666
1.0	-0.12244569178278963
1.0	0.9339699224610376
3.0	1.0957618537165295
5.0	4.886468980296415
5.0	6.517729360622368
1.0	1.281745756113621
1.0	2.530223667947763
1.0	0.6837351337707716
3.0	1.8904220322321652
1.0	1.6597644263940865
1.0	-1.5500069453318863
5.0	6.39482104356741
1.0	0.9604671766934272
5.0	7.807860109585958
3.0	0.7646389884493621
1.0	3.2830660544748134
3.0	4.4014925787661845
1.0	4.310579289402872
1.0	0.6944338041528264
5.0	4.705949318947944
1.0	0.18858155987387848
3.0	3.993159544761991
3.0	3.03566922004387
1.0	-0.525391779902503
1.0	0.3118751664224898
3.0	2.8190589517864324
3.0	2.52507810256061
3.0	3.646303189428287
3.0	3.823746018492378
5.0	5.068908502603522
5.0	4.459000795565687
5.0	4.387045604806318
5.0	6.542199919990781
5.0	7.468099329103285
1.0	0.38495677150135166
1.0	1.3027155705956859
3.0	2.830877072029137
1.0	1.3548186934618334
1.0	2.5398770361598864
5.0	5.141287994885475
3.0	4.368317357748826
3.0	3.9648115345341344
1.0	0.267926846143816
3.0	2.834169870145234
3.0	2.0537684286854696
3.0	2.9354204390315135
5.0	3.9684906441719705
1.0	0.19999322525934393
3.0	3.316706002105437
3.0	2.8946882959629012
5.0	3.8699452317604135
1.0	2.1073643796300123
1.0	1.9343178269853363
1.0	-0.24628960704755554
1.0	0.1465578105268006
3.0	4.533308100993905
3.0	3.009559035771258
5.0	2.9765681505237835
3.0	2.5632502407728257
3.0	3.8044667246077344
3.0	2.6048536498922887
5.0	6.298868590421737
1.0	0.6903340290236764
3.0	2.425494601827082
5.0	5.920914723154571
1.0	1.3248183140130738
1.0	-3.109857062416485
1.0	1.3566816346400883
1.0	0.14143615720779357
3.0	2.6195500616746834
1.0	2.336674774900258
5.0	4.105991049965756
1.0	-0.07327619727454082
1.0	0.1535139961990315
1.0	-0.08895181920063577
5.0	5.391641020640762
5.0	3.109593260686068
1.0	1.2421960609988145
5.0	5.613555215070767
3.0	1.978108342662846
5.0	6.0691972030664045
5.0	4.003777001571119
3.0	3.874467874592561
1.0	0.6667553159607988
5.0	5.967082585115544
5.0	5.058063894673574
5.0	5.000369682898944
1.0	0.766784074023739
1.0	1.2735587029689455
3.0	2.9731495595468416
5.0	4.496009969796849
5.0	4.948338357190014
3.0	-0.7101161812165189
5.0	6.601690540148805
1.0	2.010583141951099
3.0	2.2107188251345726
3.0	3.240640435502228
3.0	4.43224364495827
5.0	4.690861505042029
5.0	4.347218662017052
3.0	2.97139436138457
3.0	-0.23943339164030153
3.0	1.6869415101048344
1.0	-0.7953421227315984
5.0	4.150983497868352
1.0	-0.25989265279777407
1.0	0.325738733548931
1.0	2.8036192577787467
3.0	2.395032614443909
5.0	2.4816992118052976
1.0	-0.8892214377737175
5.0	7.745801338813301
1.0	2.3984949091446506
1.0	2.081867910717966
5.0	3.6305772621242403
5.0	4.6973741108882505
3.0	3.2277206039799693
3.0	3.7035372316508437
1.0	0.9410882954068016
5.0	5.948490034495725
3.0	3.0645923564504356
1.0	-0.0991504763886446
1.0	1.155992412567558
1.0	0.289635656336914
3.0	1.841552595370799
3.0	0.8249877727120944
3.0	4.964508631867405
3.0	3.1392045547355165
5.0	3.812249563882757
5.0	4.68962400105332
5.0	3.911408531053041
5.0	4.855397425229475
5.0	4.975646957980469
5.0	6.151400019835394
3.0	1.9181275520973797
3.0	1.4153616615821552
1.0	2.569145729967018
3.0	2.833466684421183
3.0	1.02149087885219
3.0	1.4645589763566564
5.0	4.290766369853603
1.0	0.3103478211329158
3.0	2.3194401256270405
1.0	1.1557733700749613
3.0	1.5336175732449746
5.0	5.323457997486826
5.0	6.248002392618193
1.0	1.691261478279873
1.0	1.346721913517369
5.0	3.716372293768835
5.0	5.516867379457036
5.0	4.804783234494231
1.0	0.8684003375812678
3.0	1.7729377612226365
3.0	3.2650902043051864
5.0	6.135883719589631
3.0	3.08786924353616
5.0	6.002813864040384
3.0	4.848032675886056
5.0	4.423368805884819
1.0	2.2723566013615324
5.0	5.476095772845798
5.0	5.640402437527694
1.0	2.189471259438863
1.0	0.9830222505048789
1.0	-0.9877453489881185
3.0	2.0421778212409545
3.0	1.4330635422030438
3.0	3.7317017483678687
3.0	2.077545632467061
1.0	0.7693239299176846
1.0	1.5442323243105665
1.0	1.1484458284315904
1.0	0.7460923718068402
1.0	0.41502844011492335
5.0	5.600051607320304
5.0	4.609983056210665
3.0	2.005083217879394
5.0	5.501650114266712
5.0	5.7004168825119805
1.0	0.02752749629466733
3.0	3.482015056425908
5.0	4.1642951271194155
3.0	3.2204097025503597
5.0	4.116789043339998
5.0	4.553788430433841
5.0	5.669047514804233
3.0	2.1445223555466946
3.0	2.195797764251448
5.0	3.755094114908947
1.0	1.289468909681447
3.0	2.9297450577582014
3.0	1.3000451831749547
5.0	5.683630426377715
1.0	1.8071376242817327
5.0	5.137898824848543
1.0	1.931536646268773
1.0	0.9161949462664583
1.0	1.6029458417877138
3.0	3.160217979847269
3.0	2.6178278222918645
5.0	4.239398824614756
1.0	1.4884634441517828
3.0	2.1620874306530147
3.0	3.5850756191698823
5.0	6.648470467422482
5.0	6.086949168585173
1.0	0.9301052897035831
1.0	1.3102488140877593
3.0	4.002631246192518
5.0	3.4975978762992805
5.0	5.152275227969961
1.0	1.9354803306290826
5.0	5.408759328366247
1.0	0.7066562328763135
5.0	5.989357717380988
5.0	6.4333454157198515
1.0	0.634125239760897
1.0	1.6553920224557306
5.0	4.776968462816676
5.0	3.651953965132064
1.0	-0.4391147139672045
1.0	1.185263649119252
3.0	3.625978364595066
1.0	0.673342711866576
3.0	2.91542716758689
3.0	3.637735155267778
3.0	3.557826190834582
3.0	1.3238448995836987
1.0	0.32202911834527503
1.0	0.3942740173699797
5.0	6.486495986251986
1.0	1.9405981476958436
5.0	6.529587682891473
1.0	0.04983313079982765
1.0	2.0947583078990206
3.0	2.0011103642054575
5.0	5.49808834023254
3.0	2.0056765587547756
5.0	6.169370232738866
3.0	3.7802848632276103
5.0	5.73488784897954
1.0	2.5570686255812594
3.0	3.1333640571802372
5.0	4.403526861815566
3.0	4.261099152164883
1.0	0.42662748452267174
1.0	1.8861904308041648
1.0	0.5677454884753679
1.0	1.0993153756807765
1.0	2.35596569156033
1.0	0.9795164581000279
5.0	4.14028707743504
5.0	7.148946282226653
1.0	0.032098665940434534
5.0	5.311186483813767
3.0	2.9090222127667946
3.0	1.8718857478943285
3.0	3.6325163020209565
5.0	3.95569156948855
3.0	5.0346162451777525
5.0	7.3239840945023555
3.0	3.23169315964015
5.0	4.249139921677966
1.0	1.8125852089522483
3.0	2.7430977383694493
5.0	4.916954704409869
5.0	4.737651006658534
1.0	-0.9509828526332473
1.0	1.8035697107714976
3.0	1.2658268907044166
3.0	4.10653624267252
1.0	1.347669622328905
5.0	5.322441697821669
1.0	0.9978733395326845
3.0	4.835156802533086
3.0	5.107760539689599
3.0	1.472967212742799
3.0	3.7929395004075146
3.0	1.952918137674042
1.0	1.317902006677377
5.0	4.117319450223996
5.0	3.123717382497405
3.0	4.41247659091627
1.0	0.09514502359231591
1.0	1.8503149625967195
5.0	4.46044423997964
5.0	4.946718140133094
1.0	0.8659216291597722
1.0	0.970732521632143
1.0	0.8174090163554555
3.0	2.281778273361908
5.0	4.878446305801401
3.0	3.730952867211331
3.0	4.5021750303772405
1.0	2.101118639788136
3.0	2.7437686470464726
1.0	2.377242804682848
5.0	3.7619105281437677
5.0	6.2946910922551815
5.0	4.3372131317592455
1.0	0.15528683173923308
3.0	1.9463801501771132
1.0	0.8673192791157347
5.0	4.602038109736985
1.0	1.3929793413745084
3.0	4.042372258970605
5.0	5.19684432368399
1.0	-0.49911599795251127
3.0	2.63065494280115
3.0	2.9798377286182403
5.0	5.440027611412488
1.0	2.616900647006714
5.0	5.349342211358465
5.0	6.74469505204168
3.0	1.4805006817542206
5.0	4.695619951947878
5.0	6.231232243678712
5.0	4.383804467820206
5.0	6.09922795512605
3.0	4.227005209092586
5.0	4.149720050823022
1.0	3.470117389548215
5.0	6.003710923800176
1.0	0.28057699285928905
3.0	4.820258920467838
3.0	-0.5229766273099834
3.0	3.8829745090802974
5.0	4.349950113062956
5.0	6.572590646231391
1.0	1.453607749756953
5.0	5.3149823629386805
3.0	2.810453721587322
1.0	0.35246530115178354
1.0	-0.49138846974282435
3.0	3.208248950898352
3.0	2.728027750442112
3.0	1.4358265695180124
1.0	1.8222054692481722
3.0	4.187671852803833
3.0	3.574974912862612
3.0	4.8541361982064615
3.0	4.006290004472163
3.0	1.2528175059587472
5.0	5.437660595520355
5.0	4.180812666758396
5.0	4.655060464278115
5.0	4.235621946141887
3.0	2.5144771040990817
1.0	2.299538635065307
1.0	0.6667845044773495
1.0	1.8007185600732751
1.0	1.415324342243536
3.0	3.72715639398402
3.0	3.605870453826406
3.0	3.2374960023854253
3.0	2.6715318867327786
3.0	2.682992569178978
1.0	1.2262903734109256
5.0	6.0306806114300455
5.0	4.1246392161074175
1.0	2.0073850709901486
1.0	-0.888507010898288
3.0	3.8988641679017344
1.0	1.9439031805935316
5.0	5.553819346638065
3.0	3.8216549819359127
5.0	5.685531793140356
3.0	3.911075872722611
3.0	2.6830884188743926
1.0	0.7393822380052408
1.0	0.8296137402260366
1.0	-0.4547136488961927
1.0	0.9546645701591198
1.0	1.2384174963106847
1.0	-0.2932565965250329
5.0	3.2940618268248993
3.0	3.026852691805988
1.0	2.073225740291
1.0	2.172401460019719
5.0	3.762180986077273
5.0	4.304251098283859
1.0	-1.0515130106394577
5.0	5.516927924965028
3.0	2.7733042632663527
5.0	5.452115443389382
3.0	3.5338849530939473
5.0	6.606612069234874
3.0	3.6425927448919486
1.0	2.9879435075148586
3.0	2.6924284971645083
5.0	5.766285986667629
1.0	-0.05274978866794422
1.0	1.9070299565901214
5.0	4.765337502609157
1.0	1.9351640102702659
1.0	-0.39737812666014194
3.0	2.5047134512176807
5.0	6.34083206779712
5.0	5.448793347981862
1.0	1.7538265091950225
3.0	2.850092856648972
5.0	5.357992080655362
5.0	6.025205403006911
5.0	4.347284723559655
1.0	1.5749140263415644
1.0	3.0233734568231903
3.0	2.4330042779618792
1.0	0.3574765361015232
5.0	5.246658741389591
3.0	1.7085073757948919
5.0	4.1960497690452145
3.0	4.2060671309022695
5.0	4.355901070552987
3.0	1.6325549026783712
1.0	3.2811913617885495
3.0	3.596958419433297
1.0	0.569071140136596
3.0	4.36179183769967
1.0	2.035765388423526
5.0	5.372113938317689
3.0	3.1182384593566805
5.0	3.554471560631984
3.0	2.0747645344880556
3.0	3.892215193891523
1.0	1.4202359433779699
1.0	2.3432882878565007
5.0	4.759002965480229
1.0	-0.8740066223760137
3.0	3.7961843737980243
1.0	-0.23469822498585824
5.0	4.296090638402824
3.0	3.361244218144716
1.0	1.176578086636256
5.0	4.228224602750555
3.0	1.5930677380690834
1.0	1.2079319051806563
1.0	2.310545334354332
5.0	6.570028248556424
1.0	1.9069113445143215
5.0	4.519052516224286
3.0	4.202342046001773
5.0	5.275183570355354
1.0	2.397695692558284
3.0	2.232593496924752
5.0	4.711582394274553
3.0	3.0851468511007196
1.0	0.855130106484566
1.0	1.3090132595736113
5.0	6.486020771841189
5.0	6.2628677111753905
3.0	3.2900412709825884
3.0	2.440101723077826
5.0	4.693574437561504
3.0	1.4734746970699988
3.0	2.753857807030249
1.0	0.20797408436928355
3.0	3.9478053784798783
1.0	0.4313141806689934
1.0	0.9431141274355551
1.0	0.3547683908132565
3.0	2.7757824399300013
5.0	4.139170492608964
3.0	3.7943277312922015
3.0	3.5594023834147275
3.0	1.2073338962227789
1.0	0.8696357318243204
1.0	2.5640908982547868
5.0	6.544517285829437
3.0	3.638724409583208
5.0	5.715317633383704
5.0	7.373008065142471
5.0	5.36003060489378
3.0	2.2927278555673536
1.0	1.1992535382561653
1.0	1.6524905352277888
5.0	4.323276559387865
5.0	4.975749104973598
5.0	5.054629484819365
5.0	4.307966330999532
1.0	0.9507458980524459
3.0	4.252326138435508
5.0	4.381428851509842
5.0	2.923605775114871
5.0	5.709300770974025
5.0	4.7741776591405145
5.0	5.4290029255567696
5.0	3.9784341800153875
3.0	4.134390140243645
3.0	2.917314326333703
5.0	3.433900880474593
3.0	3.6410713750132673
5.0	4.829491684252079
5.0	4.864092544938825
1.0	2.205137236273338
1.0	0.5400825566779632
1.0	0.6339708177103791
1.0	1.0124970791197416
1.0	0.01630964897092768
3.0	3.1037410958947085
3.0	2.343403594789969
5.0	4.252880139149388
1.0	1.0029676277245405
5.0	4.678120035141794
3.0	0.7343054102551627
3.0	3.253953571040459
1.0	2.4000024687179122
3.0	2.800269994625418
5.0	6.015527840550453
5.0	6.950925382537943
3.0	3.2455037083030893
3.0	3.6212439119627664
1.0	0.5980362675086506
5.0	5.34800384539486
5.0	4.03444896516889
5.0	5.953221566564122
5.0	4.970692844822488
1.0	1.3065436003857491
1.0	-0.929017093090698
3.0	3.6260419996266906
1.0	0.37655352177010426
3.0	2.438468201829529
5.0	4.538716910283274
3.0	1.9836050449410723
3.0	1.2665596471549192
3.0	4.151109879045399
5.0	4.618779182931158
1.0	3.3282486390541504
1.0	1.9599044255761422
5.0	3.9109509009461867
5.0	4.05579150800871
1.0	1.1470548748746192
3.0	3.878979711404857
3.0	4.138852235437186
1.0	0.3457776640665081
3.0	3.9413621565438253
5.0	5.356252639655958
1.0	1.0974197514851116
3.0	1.6029205062682303
3.0	1.7003700288496337
5.0	3.920897947722432
5.0	4.298756264057984
3.0	1.8425242881730772
1.0	1.3502478013676869
3.0	2.9788298245608784
5.0	3.034164954485101
1.0	0.7652975115392544
5.0	4.744379037898412
1.0	0.7413768869147994
5.0	6.10916670760759
3.0	1.5484440313321406
3.0	2.7627364496880595
5.0	6.988555905313775
5.0	6.720892868107203
5.0	2.5687175041542756
5.0	4.766631078638244
1.0	-1.2822783274903737
5.0	2.2329840824515523
3.0	1.6767344239981745
5.0	3.0362235100692634
5.0	5.318431337190787
1.0	0.9393059618211108
1.0	0.7713608865017194
5.0	4.915114782973221
5.0	4.014843903502706
3.0	0.03979894352042734
3.0	2.6280215291013187
3.0	1.8238219048354367
5.0	6.856296226000776
5.0	4.390510618313737
3.0	2.4861259059393306
1.0	1.2015181261680372
5.0	5.029393801493458
3.0	4.0874905869087215
1.0	-0.7019655051124314
3.0	2.5259343395727454
1.0	0.9876067118094927
3.0	0.9807621517079204
1.0	0.17561188985262477
5.0	4.694577814805433
1.0	0.7844359421761756
1.0	0.30190485356671604
3.0	3.373683114777524
1.0	1.378601661126888
5.0	6.024481801621537
3.0	5.2885978358776935
5.0	3.7798162602662906
5.0	5.386839867556352
5.0	6.897047647799198
5.0	6.3084582444511454
5.0	3.925710909145916
3.0	-0.3148537867641221
3.0	1.05567415409545
3.0	2.512254158270524
5.0	7.22218788467877
1.0	1.015700616049709
3.0	2.645728831259636
5.0	5.577086121469431
5.0	5.3786144500882775
3.0	2.26508790584411
1.0	0.94708676999583
3.0	3.912957391810058
3.0	5.324236649440998
1.0	0.8431892350766297
1.0	0.5982115328909003
3.0	3.290767280344528
3.0	6.429037885538456
3.0	2.5193203255923406
3.0	1.7813010398957922
3.0	1.752432374600732
5.0	4.633315855179303
3.0	3.6226631663232434
3.0	3.6481971349657014
1.0	1.5845553422796539
3.0	2.1156019732676765
5.0	4.31851593101957
1.0	1.701261133767904
3.0	3.9289735809202844
5.0	5.824673511342216
5.0	3.9041149789611898
3.0	3.4630968693290147
5.0	5.449052619036434
3.0	2.154873986852543
1.0	3.2613386220867704
1.0	2.0972855597135096
3.0	2.041405987758657
5.0	4.507106413776376
1.0	-0.5808841773877846
5.0	5.0709971793884705
3.0	2.919705961350305
1.0	3.5557766120646757
1.0	-0.7820683795493022
5.0	4.984401829197839
5.0	3.7939070212425534
1.0	0.90867672944671
5.0	7.398590600048231
1.0	-0.6061759295115927
5.0	3.4879606257448676
1.0	1.7885740175928082
1.0	2.6820908580312386
3.0	2.9185733024159757
5.0	5.078084927057895
1.0	1.7476461442997335
3.0	1.9749069589953392
1.0	2.736597332712943
1.0	0.8153692127427734
5.0	3.2551137574741804
3.0	2.931220063007553
5.0	7.3523601300654295
3.0	0.8645972901120951
5.0	6.02579158194608
3.0	2.008884614389533
1.0	1.9166586431805945
3.0	2.0679667376047424
5.0	2.5318892880554222
5.0	7.449937444892228
5.0	5.638687146736181
1.0	-0.8575220049763277
5.0	4.958247857477137
5.0	3.9821900479823813
5.0	5.032427594984331
3.0	2.683072195389898
1.0	1.1005901458811214
3.0	3.4832006424075836
3.0	5.876529628343404
3.0	4.378532841504854
5.0	4.965376827204893
5.0	5.327739479116412
3.0	2.6942985983850427
1.0	1.296933500099893
1.0	0.46637443956138847
1.0	1.012550255124169
5.0	5.6276191397901245
1.0	1.0616904463067394
3.0	3.2834151474618096
3.0	5.136245651406483
5.0	5.815034892684608
3.0	2.302305881390965
3.0	3.7346597306196316
5.0	3.061879340510589
1.0	0.14102241192174036
1.0	0.5687517757255365
5.0	4.8867794507962525
3.0	2.6325365616571292
3.0	2.659720827042506
5.0	4.229432838209476
5.0	6.6172725678120425
1.0	1.990238682076993
3.0	1.7378888423681582
1.0	2.7287803835995863
5.0	5.540695603212924
3.0	1.6393866713522576
1.0	-0.014403973479599097
1.0	1.7332063361002308
3.0	2.5301953528806442
3.0	4.225700054754029
5.0	5.990603640661224
1.0	1.5793741330356217
1.0	0.9671520089716152
1.0	-0.4105056510636482
3.0	2.397215936077634
5.0	6.173667440144627
3.0	2.0346253928450655
5.0	4.862202383605015
1.0	-0.27563302993150773
1.0	-1.1766171117612978
5.0	5.337873213243593
3.0	3.928450249240785
3.0	4.799264721088594
3.0	2.419396904055476
5.0	4.906346752562104
3.0	3.668612667340768
5.0	4.7076070869926445
1.0	0.8594705785329013
1.0	0.6370899907606875
5.0	5.6803186015228215
5.0	4.907350281358119
1.0	1.0133663972774554
1.0	1.046033413333051
1.0	2.7271347900473004
5.0	4.671660190764038
3.0	3.9566076302249598
3.0	1.946761138081538
5.0	2.2744065285002417
3.0	2.245595725111291
1.0	2.601235673952891
1.0	-0.14240319109524435
1.0	0.4975182386538365
3.0	1.1453741915661138
1.0	2.669906836491596
1.0	-0.5269474382691599
5.0	6.315266789833086
3.0	0.7560958257552595
3.0	2.8141541118693247
3.0	2.7497846176351395
5.0	6.641935367344187
5.0	2.854252501763649
1.0	0.8826766140130439
3.0	3.500189863747247
1.0	-0.6946785225506062
5.0	5.838169426288683
1.0	0.8237195798817223
3.0	2.1522913614268893
3.0	1.9994046255592695
3.0	2.3137525736198645
3.0	2.599813101654462
5.0	5.1692950654004095
3.0	2.0681928266039913
1.0	0.41440533608253727
3.0	3.5880685633794704
3.0	3.4923264638249654
3.0	2.1098122886740382
5.0	4.969991086306006
1.0	1.027713430076549
3.0	3.296079085549999
1.0	2.36407267157138
1.0	0.5237093652249523
5.0	5.126139227807626
5.0	3.7370908119114485
5.0	4.603551616720059
5.0	4.164154813840448
1.0	-0.23166205715218702
5.0	4.779016015913873
3.0	3.078112708848983
3.0	1.656407703017396
3.0	3.5570013115486403
3.0	3.362296536916189
1.0	1.5071057327670099
3.0	3.0840115078713075
3.0	3.4057750863593204
3.0	1.9059869670311032
5.0	4.307125828094095
3.0	4.27632599804787
5.0	5.530712369323998
5.0	4.350382895626678
3.0	3.996594141551435
1.0	2.19045582851209
1.0	1.8869019930243298
1.0	0.9431034600167744
5.0	4.343018311648614
5.0	4.331343130619973
5.0	3.1944023123498755
5.0	5.008717419972002
5.0	5.121864227762097
3.0	3.7490926658977166
1.0	1.0967590350276932
1.0	1.7039276434943533
1.0	3.360162463874618
3.0	3.1672541641276957
1.0	1.5168338346612729
1.0	2.1587477185776396
1.0	1.3186221790947554
3.0	2.908464883311571
3.0	1.9550625394174297
1.0	1.7210806935333707
3.0	3.4407292511826753
5.0	3.329100639272229
1.0	2.8326591969616803
5.0	5.716490282086738
5.0	5.001966326180716
3.0	2.7932497442662596
1.0	0.11708415580864495
1.0	0.05329332029888212
1.0	0.8254510609514897
1.0	0.2230257953476097
3.0	4.62104766637947
5.0	3.209648102075243
1.0	2.333748854756229
1.0	2.176329328586413
3.0	2.4290227390103816
5.0	6.802230556497483
3.0	2.6379124959192155
1.0	-0.0034059133258197427
1.0	0.29472434635979206
3.0	4.144814080252152
5.0	4.4256130290693045
1.0	0.8229368934538419
3.0	3.013002175281982
1.0	1.1315724592767797
3.0	3.0443172973849806
3.0	3.8163876814414177
1.0	0.7310946480627187
5.0	4.66445102414679
1.0	1.1755488067295246
3.0	1.6840418652635822
5.0	7.2062498248310085
5.0	4.930838686918876
1.0	-1.1772673935591502
1.0	0.5985245475228276
1.0	1.747041454402154
5.0	4.192647238837383
3.0	3.7353517277266395
1.0	0.7272182725005776
5.0	5.4249174015373605
5.0	6.015928129192492
3.0	3.1279501687436615
1.0	1.9426781781647082
3.0	2.9746728689472532
3.0	1.6308978167149613
5.0	3.850255543324531
3.0	3.2688218710843264
5.0	6.00239693894215
3.0	4.16157586244822
5.0	5.5710687929966864
5.0	5.6967365335214994
5.0	4.680001787443176
3.0	1.2090087279255137
3.0	3.8060766563603323
3.0	1.795286158856479
1.0	1.246964008749344
1.0	1.1260045941211771
3.0	2.7426040513360315
1.0	0.24928930409258165
3.0	3.8676598964034783
3.0	3.070664155289881
5.0	3.7155348146441005
1.0	1.0798005273584468
3.0	3.768957236204681
5.0	6.427354648815852
5.0	5.302758850055749
1.0	0.17221106217268978
3.0	1.8283991771310828
3.0	2.963057150619331
1.0	-0.27096292042068426
1.0	0.9730241453692794
3.0	3.089124222688697
3.0	3.472971483942601
3.0	3.6057937500004065
1.0	2.0696456997063155
1.0	1.4594607332803848
3.0	2.2947579906003637
1.0	0.7866036811672181
1.0	2.72762052964612
5.0	6.313864955952941
3.0	2.985673488407341
5.0	2.351040694135125
3.0	5.1408407801400715
1.0	1.8307662063643526
5.0	3.7569055438287178
3.0	3.3136883849737813
3.0	2.4993981848529825
1.0	2.085489599222858
1.0	0.7315567351377423
3.0	3.4830147889064373
5.0	5.118895361775179
3.0	2.7663742393304833
3.0	2.9916861872707425
5.0	3.890086515149674
1.0	1.0246030416502405
5.0	5.741347840970718
1.0	2.6241810247774633
5.0	6.6792911642775445
1.0	1.139874531614989
3.0	3.9239511866495183
1.0	2.364595304515873
5.0	5.3812106258050685
3.0	3.061640897343578
5.0	6.537984713501254
1.0	-0.5086444018843044
3.0	3.35227316796887
1.0	0.34919430429145204
1.0	1.1366844399049616
5.0	4.2167478168203765
1.0	-0.7527209142131746
1.0	0.7025428717495605
5.0	4.260424199544236
1.0	-0.15723652191430326
3.0	3.200574550688241
5.0	5.46459573750489
1.0	0.8067392484191385
5.0	4.004993132331863
5.0	5.638286328478045
1.0	-1.1783415678597624
1.0	-0.5067007035129341
1.0	1.2319488452768945
3.0	5.087193435455468
5.0	5.799177939068975
1.0	1.98492150596438
5.0	4.838847884987806
5.0	4.0529207802376686
1.0	0.022140960007436594
5.0	5.265942415573968
3.0	3.1664988641339575
5.0	3.957941135232436
1.0	0.28863133160078513
3.0	3.6160404358634746
5.0	2.061228406275004
3.0	3.2319142811395754
1.0	1.3504990541766473
3.0	1.2593652922002143
1.0	2.3838728691064044
5.0	5.045780829904691
3.0	3.6525572146461966
5.0	5.203205276201843
5.0	5.081967739040329
5.0	4.380709390875508
1.0	0.2004251831742857
5.0	5.2279859927276435
1.0	0.11926506089148914
1.0	0.9692009565494907
3.0	3.967312938193694
1.0	0.5391515005578227
1.0	1.3276391765737527
5.0	5.376480114747089
1.0	1.2020190392668546
3.0	2.1643389237475485
5.0	5.4259254786953495
3.0	4.459066821150494
5.0	4.786267520800478
3.0	3.9571795533807546
3.0	4.243787714916188
5.0	4.069211044954272
5.0	4.962379946425502
1.0	2.7854265593983936
3.0	3.456512879348071
3.0	3.4130340186322976
3.0	0.07294761296830377
3.0	2.607329777168069
3.0	2.455472932737786
1.0	1.0873210322683657
3.0	3.3654301094164656
5.0	5.641576788979522
1.0	0.6721730449863321
3.0	3.3800653615134206
5.0	4.7762514561057685
5.0	4.37279169286656
1.0	-0.016729830761969877
3.0	1.5506604392938037
5.0	4.118163969500266
3.0	2.784524711189185
3.0	3.7038021653333453
3.0	3.2451578815367514
1.0	0.6979352781260708
5.0	2.151825118387552
1.0	0.4642406393949041
1.0	2.5287478227209954
5.0	4.557497117967935
5.0	6.066831159301282
3.0	3.0060361503060684
5.0	4.782209178160377
3.0	0.8579306072975603
3.0	2.0408636647347422
5.0	5.151459895598846
1.0	-0.17944484479532608
5.0	3.0687455177747696
1.0	0.8740305893209351
5.0	5.659752546606617
3.0	4.3966609030605674
5.0	4.389341974621544
3.0	3.6663247987846583
1.0	1.1459268349570126
5.0	4.881426165310983
3.0	3.569350004029471
3.0	2.624487358873434
3.0	2.816197399548334
3.0	5.30732083849859
5.0	5.6723550781221626
3.0	2.4905840245535065
3.0	3.322089949118719
1.0	0.7436133202093715
3.0	3.0832718753951216
1.0	3.0250234435301455
5.0	4.069579066643816
1.0	1.7821420990912666
1.0	1.7119277235646704
1.0	0.08923194886915253
5.0	5.10481640888515
3.0	2.516005158064483
5.0	4.918259635986982
5.0	4.180605950553338
5.0	5.453287460455238
3.0	4.047087183379962
1.0	0.7612017717672053
1.0	0.9401520277724011
3.0	2.2652885510582865
1.0	0.5579287918998677
3.0	1.8831757745006037
1.0	1.3298940534788517
3.0	3.3691087885525404
5.0	6.8349348491071975
5.0	5.634457106302432
5.0	4.798968998865523
1.0	0.06338754013890191
1.0	-1.0213512478729654
5.0	4.328342257007292
1.0	2.2436774043002945
3.0	3.730910620232501
5.0	5.884789137125861
3.0	3.0967587175921722
5.0	5.799167746570793
3.0	0.6584194874372216
1.0	0.4504806945231148
3.0	2.9607624254089515
3.0	2.9218989040243653
5.0	5.475760330954606
3.0	1.8619895237260857
1.0	2.3807279677523745
3.0	4.425972428663806
5.0	5.350618494511089
5.0	5.375564309462447
3.0	0.5734460772792178
3.0	5.01636258104349
1.0	0.10577144293394647
5.0	5.5691077536234435
1.0	0.3377138849402236
5.0	5.8412378267076255
5.0	4.674071740011906
3.0	2.592844915469515
3.0	1.8153251688898853
3.0	4.653436173211247
5.0	3.9305406598246146
5.0	4.10681389028078
3.0	2.6277317321951883
3.0	2.9042436629625397
1.0	0.7559576264217925
1.0	-0.06134300813079374
3.0	4.122846838818511
5.0	5.39569049626191
3.0	3.360534292403233
5.0	5.355030142490262
3.0	4.808805914899514
1.0	-0.10992336902256628
3.0	3.6873242742185495
5.0	5.845551087258754
1.0	0.2582200851734643
3.0	2.6144449441092905
3.0	2.387922143999007
1.0	1.6756465371402554
5.0	4.5202613252362935
3.0	2.255403442622606
3.0	2.603038571523915
3.0	2.299286227382068
1.0	2.0621334282902657
1.0	1.6085071016671053
5.0	3.083207575222849
1.0	0.0137889552032745
3.0	3.4386912516060955
5.0	4.770119748780947
1.0	1.0395450456084543
3.0	3.926156562608373
1.0	2.44371586025283
3.0	4.499139487213289
3.0	3.2307223592582517
5.0	4.274613883708558
1.0	2.25069269263068
5.0	4.24254038843206
5.0	5.532392606273562
1.0	1.5264386258382787
3.0	3.4957195872838005
3.0	4.208476434871188
3.0	1.4744846448374866
5.0	5.116369614680085
1.0	1.3117445209194891
5.0	4.671259039636627
1.0	0.584352640156456
1.0	0.9805970883912598
5.0	5.62117649386439
5.0	5.793766545461423
1.0	-0.4273220546681116
5.0	6.533561691093712
1.0	1.35621407204036
1.0	0.45329530889494896
1.0	0.7844765316542411
5.0	5.434184731373841
3.0	3.949373661397895
1.0	-0.2166155797219651
5.0	4.341104931633429
3.0	2.63214435594709
3.0	2.635118672221728
1.0	1.6695725051854295
1.0	0.7999648363671742
3.0	1.5293849378542375
3.0	4.5585192951974225
1.0	2.7324413207339413
1.0	0.9716684307975514
1.0	-0.10314320989951198
1.0	0.7148802561635728
3.0	3.3298663382722347
5.0	4.673054829179762
1.0	3.210045288580995
5.0	5.762487688494469
3.0	3.118430588522242
5.0	5.313880084929116
3.0	4.193523252702869
5.0	5.691611449998126
5.0	4.430286191270321
3.0	2.5572512656739748
1.0	0.7400881328053814
5.0	4.994770544183263
1.0	-0.3349278942805427
5.0	6.42694833075563
1.0	0.007915160977343794
5.0	6.571119843097822
5.0	3.8275314145170167
5.0	5.042082694934584
3.0	1.8728955770905578
3.0	2.1367268477691423
1.0	-0.5254891822264645
5.0	4.075917751512632
5.0	4.789843068712338
3.0	4.096175583581821
5.0	5.410704427847291
3.0	3.4909503683846315
1.0	0.30560922904803633
3.0	1.2077065502056075
1.0	0.08974952777384759
5.0	4.312818324802326
5.0	5.804125895963051
5.0	3.9246576958363084
3.0	4.565797142208531
3.0	2.6433126317931395
1.0	1.6122876331864007
5.0	4.833052181821362
3.0	1.384979540769813
5.0	5.697436327823625
1.0	0.1955574847437983
5.0	4.71284677415731
5.0	4.3708540428257345
5.0	5.204900981229102
5.0	4.8377030041456495
3.0	0.103429403565241
1.0	-0.13962638863603516
5.0	5.563555455696677
3.0	2.844517012505962
5.0	3.0835766311397386
3.0	3.0820665933014357
1.0	1.3481919813235514
5.0	5.051114277726134
5.0	3.398809932145906
5.0	4.318381087002152
1.0	1.2453297539358954
1.0	2.1361387339018476
3.0	3.3480253427927407
1.0	-0.7264183012842629
3.0	2.5702808145118654
1.0	3.4993228868575907
3.0	3.7419116096880414
5.0	4.7445680032969815
3.0	3.462125100642917
3.0	2.6245260864166617
5.0	5.6060290737062966
1.0	1.1009661556524808
3.0	2.4061999512622276
5.0	4.949861931124227
1.0	0.5145118108728
3.0	4.000335115699929
3.0	3.0901658685486635
3.0	1.8108163587443842
1.0	0.2757559049508065
3.0	3.8875329144412722
5.0	5.564889271031724
5.0	3.214344980817232
3.0	4.081284863341058
3.0	2.636354802312118
5.0	3.904180144883555
5.0	4.982718694379953
5.0	4.87506064788464
5.0	4.554409853411952
1.0	0.39708040261982513
1.0	-0.42287327548910647
1.0	1.1601945082435015
5.0	5.033009435875535
1.0	0.17413481401389963
1.0	1.3978384013420595
1.0	1.4867492894143304
3.0	3.484782704197259
3.0	1.474931675759657
1.0	0.6380523625061523
5.0	4.7861064822958905
5.0	4.407378132071295
3.0	1.952199501127902
1.0	2.0907814714307205
5.0	3.17255551563912
1.0	1.0789658659201522
3.0	2.1489961810355824
1.0	1.9304057173716807
1.0	2.6293869747944623
5.0	4.844380751398744
5.0	5.034370639895308
3.0	3.3161534815217166
5.0	4.780452874109959
3.0	2.4633354971666046
1.0	1.3344706433459486
1.0	1.4254713429994104
1.0	1.6660221245586757
1.0	2.304471113701946
5.0	5.479728720887598
3.0	2.5612734952639515
3.0	3.1625338867119743
1.0	2.63463228030877
1.0	0.9455493670139827
5.0	5.561718905680377
5.0	3.6984061991988
5.0	2.7489766532171616
1.0	1.7983846300510455
1.0	0.8935781977254071
1.0	-1.5815559361820473
3.0	2.536785002848958
1.0	1.644908037664724
3.0	2.1268030090253234
1.0	1.680667606226332
1.0	1.311386236763015
3.0	3.7965655134645
1.0	0.5559591414031986
5.0	5.7935769456188195
3.0	3.27209614047684
3.0	2.582586010739362
3.0	2.8317572539003457
3.0	2.9581989117693643
3.0	4.17506942940623
3.0	4.595283163857939
1.0	2.5525944410126624
5.0	6.5606163036734975
3.0	3.7344473070346473
1.0	1.8182999965512936
3.0	2.8862764411482447
3.0	2.9358200702527846
3.0	2.1174314199391295
3.0	4.309828598947397
1.0	3.2668147292122973
1.0	0.09631748543595509
1.0	2.1939480208811846
5.0	4.674069406608606
1.0	0.2594576988304983
5.0	4.601033269505324
1.0	1.2602681124177955
3.0	2.358650567060055
5.0	3.5525593754846283
3.0	3.6973293139418226
3.0	2.9391234278832696
1.0	1.609802137759357
1.0	1.8095091826293461
3.0	1.4682419963833717
5.0	4.484235896233929
3.0	2.9737861866353255
3.0	1.121974956337515
5.0	5.635846370485188
3.0	4.5378895243402075
5.0	5.73127950662332
1.0	1.9156749052033013
3.0	3.407640768125978
5.0	3.318228201074482
5.0	6.110267833987426
5.0	3.5459911960546755
3.0	3.2056053751733766
5.0	5.221737708162799
3.0	2.9849027210761756
5.0	5.098035192203603
5.0	7.044425090104028
5.0	5.187535925224989
1.0	0.20162239950809335
3.0	2.7570376099837146
5.0	5.319926047439072
5.0	6.947933146182876
1.0	-0.3560036290353197
5.0	5.923393330853405
5.0	3.624481995539151
3.0	2.075186709478169
1.0	1.0346328838924235
3.0	3.0799373711414217
1.0	0.9392709694441381
5.0	4.373460945259756
5.0	3.98085666357513
1.0	-1.1903326312101261
3.0	3.1865710086172356
5.0	4.893282219923834
3.0	2.415292456177231
1.0	0.0361017815026804
5.0	6.340306701267423
5.0	5.2573990797108205
1.0	-0.06658019059768572
1.0	1.3636812809535153
5.0	3.1626522192236304
3.0	1.7830623120192675
5.0	2.981934444678876
5.0	4.482567510157365
5.0	5.698038467354056
1.0	1.4410983451339343
1.0	0.7404819872288111
3.0	3.321286550507419
3.0	1.3027939966107465
3.0	4.3517903011254475
3.0	4.011490177643228
1.0	2.0275140754107737
5.0	4.578113578107707
3.0	4.0945411693733105
3.0	3.1373266816311145
1.0	0.3392278793461604
3.0	2.9052527732751345
5.0	3.690827123574575
5.0	5.26669170434049
3.0	3.015237730606149
5.0	5.771879100263432
1.0	2.317396590487084
3.0	1.5826915845590084
5.0	6.4362900227404065
5.0	6.420068288097985
1.0	0.25602136883796967
5.0	6.276481411036366
5.0	3.6660256972932768
5.0	4.513369553509873
3.0	4.344160424956554
1.0	0.47601507522474384
3.0	3.2588207452133937
3.0	3.5344225381783945
3.0	2.4748021472411255
1.0	0.27405949662279416
5.0	4.134283695713108
1.0	0.09816318406807356
5.0	5.117338135565123
1.0	0.06823158248579597
5.0	4.376217610235489
3.0	2.7153871424458083
3.0	2.8636127053765095
1.0	1.7061962823468897
3.0	3.687800769462271
5.0	4.741157468785473
5.0	5.14355100596195
3.0	3.123600566633983
5.0	7.175111415843963
5.0	4.73745197160754
5.0	3.240357225847302
3.0	2.8061569726477193
3.0	2.3401864829599255
1.0	1.9873430431674934
1.0	2.092233739287821
3.0	2.2117094550399483
1.0	-0.3101840022081588
5.0	6.3801631349243895
5.0	3.5734240325127535
5.0	6.350294163494632
5.0	6.906941071955273
3.0	2.699949128915322
3.0	3.31058557854737
5.0	4.141426143047923
3.0	1.1621838339079869
3.0	4.532648750641602
3.0	2.8784548396090677
1.0	1.2001620612412776
5.0	5.6422262607011335
5.0	5.743190189454607
5.0	6.275977871195457
1.0	2.378870105977599
1.0	0.7626086312727175
1.0	1.0299886894108763
5.0	4.499015070903439
1.0	-0.5158122011784931
3.0	4.520685228276847
5.0	5.3447293422382485
3.0	4.244828473780593
5.0	5.511779367931102
3.0	2.1016806590858867
5.0	4.526955314431741
1.0	0.4513732162376093
1.0	2.391432031569932
3.0	2.8700540872371527
5.0	5.092067913396074
1.0	0.5733150720467168
3.0	3.014918791714626
5.0	4.79219201514152
1.0	-0.3927704900888105
1.0	1.4178679292345975
1.0	0.12166501052221712
5.0	4.657800758154614
3.0	2.544942886394184
3.0	2.9519486294860244
1.0	0.35231238888771876
1.0	2.6453975299559707
5.0	6.986932861449633
5.0	4.795447058064301
1.0	1.3033178167720185
3.0	1.436006427012836
1.0	0.5180662426633829
3.0	4.071041583799208
3.0	2.2800941451879906
1.0	0.43061026480870335
5.0	4.287304627765793
3.0	3.4843193344424597
1.0	0.6032959521503346
5.0	4.457354831224136
3.0	1.0035833288283067
5.0	5.006534631824076
5.0	4.096331792384657
1.0	0.1601515455776351
1.0	3.0109272084801684
1.0	1.2483777703371586
3.0	3.726215233929545
3.0	2.3684733582983686
3.0	3.0372318780029857
3.0	4.085224207698362
5.0	4.365211400512842
1.0	-0.07800409531522079
3.0	2.13925927704924
1.0	2.8103246136169924
3.0	2.5301039611241607
1.0	0.9937051756499761
3.0	3.3868951876680775
5.0	4.8656454193829894
1.0	-0.473450871067701
5.0	4.058032704060148
1.0	0.668756794937727
3.0	3.7738459257231813
3.0	3.018825097267439
3.0	2.902110726666155
3.0	3.6910534434170037
3.0	2.646542455248113
5.0	4.941098838525722
1.0	0.9226935837569397
5.0	4.828298002657081
1.0	0.7921387752660369
3.0	2.9767241498003845
1.0	0.7765862249895151
3.0	4.705733312060773
5.0	4.609340033689127
3.0	1.038453077018057
5.0	3.4562658656218646
1.0	0.580190315878194
1.0	-0.24250377430996828
3.0	3.826324761656502
3.0	1.1095580990994978
1.0	0.7392659790873405
5.0	4.031198017521704
3.0	2.3880433671556953
5.0	3.7208711415739204
5.0	5.581596120132602
1.0	-0.9493329960093995
5.0	4.44740235146241
5.0	4.852776569962894
3.0	2.774664170329423
1.0	0.8414594517632272
1.0	0.3134051088198829
1.0	1.765916015190828
3.0	3.4909220788659723
1.0	0.5847196705374462
3.0	1.6365760475432174
3.0	3.447055548733199
3.0	3.2343990012772927
5.0	4.426024767985491
1.0	1.9619514606033648
1.0	0.5305480003248337
3.0	1.7750965217268948
3.0	0.29335104018076397
5.0	5.10997542269823
5.0	6.349659397327011
5.0	5.428673010881205
5.0	5.5048992244235455
3.0	3.069389395853722
5.0	6.435900096029355
5.0	5.915434327135998
3.0	0.803043176327189
3.0	3.0353554357889263
5.0	5.06630195391036
5.0	5.601791492277402
1.0	1.5572703237001746
5.0	6.190914959644378
1.0	0.044821111652554535
3.0	2.2994372925154045
3.0	1.054769856745071
3.0	4.774780128561517
1.0	0.38733595650518293
3.0	3.528892723004394
5.0	5.245649749816251
1.0	-0.5029288373584515
3.0	2.163721584813264
3.0	2.5725250982985313
5.0	4.618390053111542
1.0	1.7007430155851397
5.0	3.576234798109608
3.0	5.084533169338892
3.0	3.520858212948219
5.0	2.4662613786729084
1.0	-0.29053736963458254
3.0	1.9046850016445256
1.0	1.403797511336808
3.0	3.9958021384858404
3.0	3.7009856951644076
5.0	3.899293414250148
1.0	0.31945112757028493
5.0	6.297736282085829
3.0	3.1733070764994724
3.0	2.794370333133781
3.0	4.3087353611808155
5.0	4.994161291298388
5.0	5.769027366398188
3.0	4.216150400850232
3.0	4.083767779890077
3.0	3.2928267573034846
1.0	2.4321589870561713
1.0	2.0087337446646765
1.0	-1.0654332606672772
5.0	6.042809484869201
1.0	1.7791731340514434
3.0	2.6085039621327146
5.0	4.637034800372865
1.0	0.8132601126571775
1.0	0.4581404002264803
5.0	4.349593538525816
5.0	5.469534588524531
5.0	4.339949506500696
5.0	4.109714957255105
1.0	1.6934682141753945
1.0	1.685263710277927
5.0	6.1178494960948555
3.0	0.6434295851154714
5.0	6.482709563245138
1.0	0.9475029193407016
3.0	1.6138924443832838
1.0	2.0266426714745966
1.0	0.9362755889317256
1.0	2.855662970344746
5.0	4.0718614617195135
3.0	3.1668876169242326
5.0	5.350983745017072
3.0	2.0660417576934025
5.0	6.005011256860725
1.0	1.497510623466356
1.0	-0.43838337340620104
3.0	2.9781809836752133
3.0	2.916241761895381
1.0	0.5104961708586291
1.0	1.0698516582790671
5.0	3.933470358319015
5.0	4.932931035770198
3.0	1.059038526624788
5.0	5.180019911910936
3.0	3.4236875589470164
1.0	0.8529248314685065
3.0	2.5881752179613504
5.0	4.255326967989583
5.0	3.1972569298612488
1.0	0.6190666299676733
1.0	-0.8016098532299014
5.0	4.196290170772411
5.0	4.713922389542864
5.0	2.8512724618663228
1.0	2.5931186983961965
5.0	4.045213886343637
5.0	5.235062085329275
3.0	4.033281415235264
3.0	1.4798938287040715
3.0	2.174633907112721
5.0	5.185443949264694
5.0	4.514298544488184
5.0	4.721025093963638
5.0	4.426358260755121
5.0	3.862622308336568
3.0	3.7213821651601644
1.0	2.1650898329222104
3.0	3.624677330877762
3.0	2.3148913614158526
5.0	5.169989280959134
5.0	4.583596898971507
3.0	2.5169517330646074
1.0	0.31368231990564466
3.0	4.3050461550258206
5.0	4.726333738450319
3.0	4.509541832740211
5.0	6.630835017025058
1.0	0.5051418549164426
5.0	4.0572971985764195
1.0	2.164346058688882
3.0	3.8720921757662565
1.0	-0.21533400419572346
5.0	4.717526381913662
1.0	1.009377650665728
1.0	2.4334682458342085
3.0	2.2506808230680697
5.0	4.819493603329203
1.0	2.268502870895647
1.0	2.982791044263611
3.0	2.7167171404334156
1.0	-0.156504010843745
3.0	2.9161196233902356
3.0	3.83281271609905
3.0	4.883383830935511
5.0	2.7442596595402975
5.0	4.0367587947245935
3.0	3.3503722983154223
3.0	1.5367752071993213
1.0	1.8323289558195355
5.0	3.2571011142409185
5.0	4.412926571908992
5.0	5.010493725819943
1.0	1.1885560776475776
5.0	6.6991840949793895
5.0	4.269603393812028
1.0	3.0585985533846127
5.0	4.796339742484498
5.0	4.988802090295544
1.0	0.05977951629071121
3.0	2.680853535237275
1.0	0.4798212967740497
5.0	3.9324697030564515
1.0	3.1600537682822902
1.0	2.395466719148201
3.0	3.406620411291711
5.0	5.79868003782432
5.0	6.882167980886813
1.0	0.15463196854107641
1.0	-0.5562808562504333
1.0	0.679920450798146
5.0	4.463893961495418
3.0	3.57992428269392
5.0	5.662931415522074
5.0	4.776372906447894
3.0	2.9374223117740175
1.0	1.5682907023943442
1.0	1.124571449292532
1.0	1.847842371988235
3.0	4.139763750336906
3.0	2.3764090341595354
1.0	0.56011389838615
1.0	1.686293825027461
5.0	4.99360410642191
1.0	0.889568371397529
1.0	0.47839006356136726
1.0	1.3681193463420311
1.0	1.2515625129223678
3.0	4.151342293014192
3.0	4.057803041039895
3.0	3.171879686102542
1.0	2.1302815596164173
5.0	6.0614544010373965
1.0	-0.24522698212434157
1.0	1.3487224708393057
1.0	0.22455000209151343
5.0	4.8831607637616665
3.0	1.9951778283730626
1.0	0.08482631071773239
3.0	4.385695183329869
3.0	3.361850607792206
5.0	4.154934782787574
3.0	3.6004762053309065
3.0	3.1740123853006286
3.0	1.2349549362326897
5.0	5.883730086936913
5.0	5.789450720714198
5.0	5.149028490034674
3.0	4.181175473445604
3.0	3.891560150464489
3.0	3.669963497850366
5.0	4.735887201172112
1.0	0.9988114201301633
1.0	0.6792829605342552
5.0	4.694478093178819
1.0	0.1498809818708835
1.0	1.229750793722206
5.0	5.584592278762902
5.0	4.818366752708678
1.0	0.3346254876146071
5.0	5.18417622456799
5.0	6.749948011563709
5.0	3.66321874643242
5.0	5.91622573998303
5.0	7.05593612582056
3.0	3.506020472195057
3.0	2.4340880143895736
3.0	4.0353782770198485
3.0	2.6513929110395296
3.0	2.00117677154424
1.0	0.5318704147824229
1.0	1.2959000856708067
3.0	3.7165885027413
5.0	5.631078727531597
5.0	4.553719799387617
5.0	6.1562505349476595
3.0	2.2859234773745336
1.0	3.561323971814709
3.0	2.802554297415153
5.0	5.542396207088754
3.0	2.8913788714269324
3.0	1.9980685318944194
5.0	3.4439307892736553
5.0	5.641375320313735
1.0	-0.16220924369828738
3.0	3.1264410687183
3.0	1.5003801631582578
1.0	1.4340011384737954
3.0	1.6431107902297422
3.0	2.0737130949744724
1.0	1.0295447998305463
1.0	1.3089245073597628
3.0	3.2181570920574556
5.0	4.7385804941461585
3.0	3.701520686349876
5.0	4.847927950019176
1.0	1.1625348757681835
5.0	5.280287092614018
5.0	3.5595147546417323
5.0	4.449416937536222
1.0	0.4244934069795283
1.0	0.05640442312741234
1.0	0.3300747358006336
5.0	3.7608879962872934
3.0	2.6765301295226998
3.0	2.684200679250911
5.0	6.472654026643013
5.0	5.547758467283671
3.0	4.285581127608232
5.0	3.3842271244657467
5.0	4.448102396379444
5.0	3.290221215856609
5.0	5.356562389056528
5.0	5.270479818012255
1.0	0.3688891065529255
5.0	4.793324792943979
3.0	3.210330122596461
1.0	0.748742400501236
1.0	0.02878001079951198
3.0	3.4371605930896973
1.0	0.5184340286908118
5.0	4.239261246492654
1.0	1.240554277575471
3.0	3.271202210356431
5.0	5.170233885784441
3.0	2.6380590143614815
3.0	3.0874400549594596
3.0	3.5276468885604917
3.0	1.6937934791699178
3.0	2.09481153115327
5.0	3.2367998073156565
1.0	1.4517721294282468
3.0	4.997286815750394
3.0	1.8299772223748652
5.0	5.1097842339263995
5.0	4.017692331372848
3.0	2.389836908743387
3.0	2.7564480782051586
3.0	3.452504941964634
1.0	1.8992351303623054
3.0	2.5664786186138016
3.0	3.2946650826768695
5.0	4.880543141862176
5.0	4.276823494963876
3.0	2.594040025753332
5.0	2.5219927757556424
5.0	5.606033385206336
1.0	0.7381698078542367
5.0	4.799291636412223
5.0	5.269325699945344
3.0	3.629564839114366
3.0	1.9981967435877566
1.0	0.8515100281376506
3.0	4.375670264018168
3.0	3.1865403807835078
3.0	5.516686450451955
1.0	0.3340215181290479
1.0	0.8027702902013337
1.0	0.8967940170869683
3.0	3.661939142461006
1.0	1.565460074234196
5.0	6.1467100461350395
1.0	-0.533797368360404
3.0	4.826889682108718
5.0	5.104616981596449
3.0	2.1392227394502488
1.0	0.3322411806170017
3.0	1.4609761142829243
1.0	0.9440479652080304
1.0	1.402585214763827
3.0	2.950202201960633
5.0	4.560757537308304
1.0	0.7612525682389948
3.0	3.619168267468988
5.0	5.526900033846485
5.0	6.986815324120102
1.0	1.927166709175121
5.0	4.89195397287224
3.0	3.8214489554345756
5.0	3.7037300104875497
1.0	2.3197735016886893
1.0	1.4163018047624276
3.0	2.9039358945176694
3.0	1.166925457586302
5.0	6.042240537525637
3.0	3.421035982530561
3.0	3.476991887869835
5.0	6.226347766966262
1.0	1.8709274828579028
1.0	2.2564062391058144
3.0	4.325591285065871
5.0	6.660932447360032
5.0	5.791226629572786
1.0	0.6830752516509235
5.0	5.620591063250943
1.0	0.9340550763785079
3.0	2.7761177669174413
5.0	4.538054136259999
1.0	-0.8283698087452109
5.0	5.076504890667371
1.0	0.8062612942010261
5.0	3.9171297367965288
3.0	2.8774127885973173
5.0	4.245953159635071
5.0	5.20176166716966
5.0	4.222560827959851
5.0	4.575266332101242
3.0	2.4000243091305067
5.0	4.974500678982172
3.0	3.885714730370831
3.0	2.042145708843588
3.0	2.96361315570902
3.0	3.877644782904354
1.0	1.6076552011380085
3.0	4.253718282822085
5.0	3.7674241650326
3.0	3.285786043920941
3.0	4.16286959719263
1.0	-0.23801719916252395
1.0	1.0794119972034457
1.0	0.08215856506011121
3.0	2.1617957836043638
3.0	1.8592716850095277
5.0	4.143677628080557
3.0	3.2402664427439
3.0	5.634278222288474
5.0	5.401544976725969
1.0	2.70721675213992
5.0	4.4697732698715535
5.0	3.8894081560310854
5.0	7.2233506498119375
1.0	1.4754843128317712
5.0	3.168336158054557
1.0	2.1131318210347505
5.0	5.142521503402769
3.0	4.886197677995945
1.0	0.8105307883817473
1.0	-0.30909591530271197
1.0	1.8456046844576666
3.0	3.861967970158051
3.0	3.3608622261697225
3.0	2.6496369415807774
1.0	0.3684435856258951
5.0	4.957109554480356
1.0	0.2809637229663944
3.0	1.9870285032475623
1.0	0.507735881941739
3.0	3.029402626574992
1.0	0.5130548383513875
3.0	4.01461962959327
5.0	4.492615545164112
1.0	2.5623284386260945
1.0	-1.2315170882587818
3.0	3.5702932064374417
5.0	6.172967967138449
3.0	2.7590443689770585
3.0	2.2407147531311002
5.0	4.020798994527048
3.0	3.0155021360538012
3.0	2.6044934671704576
5.0	5.072988810847217
5.0	6.673378653345389
1.0	-0.00725002962340171
1.0	1.0070338371669558
1.0	0.8305727232590416
1.0	1.276915028223265
1.0	1.5640338653039083
5.0	5.61027486835926
5.0	5.035890799982339
1.0	1.3806345045164925
1.0	1.603436784273629
5.0	4.870423230839813
1.0	1.877628050247163
1.0	0.6213926894806581
3.0	2.4080554915547285
1.0	0.03208138309215969
1.0	-0.02051639560620866
3.0	2.11150715259224
3.0	3.113081358127094
3.0	2.956221684927753
3.0	3.917004683194109
3.0	4.113752062384824
5.0	6.119588177929073
5.0	5.720402785120733
3.0	2.371873181086251
5.0	4.6187181744529315
5.0	4.517449568737969
1.0	0.7953747825907852
5.0	6.307601066370021
3.0	1.457221900011549
5.0	5.473425069166086
3.0	2.4979463154684005
3.0	3.6620394717743383
3.0	3.1548398697549693
1.0	1.2964209917085685
1.0	0.1498676560374449
5.0	3.433709222886164
5.0	5.094851456168415
1.0	-0.18176327135408732
3.0	3.7933961736636004
3.0	1.928059892516173
5.0	4.9618598346410705
1.0	0.034627577410302424
5.0	4.238041555468013
3.0	1.328382071350307
3.0	3.4442608135529458
5.0	6.417756818307692
5.0	3.602380376030522
3.0	3.1534270880363455
5.0	4.390098141445913
1.0	0.9449711073849784
5.0	3.9684939587543626
1.0	1.3256367085935277
1.0	0.3859902117444878
1.0	1.4619306774252372
3.0	2.9527353378896826
3.0	2.0803730210502915
3.0	3.3495194196535496
1.0	2.906356184993788
1.0	1.585320309157974
1.0	-0.008511378056009988
1.0	-1.141147747949839
3.0	4.147756047197392
5.0	6.090350416566432
3.0	2.29839479563764
3.0	3.0028503050224145
5.0	4.414376165562448
1.0	2.564013797807169
5.0	2.70861147349446
3.0	2.8767566817117776
1.0	-1.0317687745641702
3.0	2.402694628612497
5.0	4.431965415905929
1.0	0.5605871136466293
5.0	4.391013652430367
5.0	3.7759060737334904
3.0	2.018850521130723
3.0	5.1941204252402455
1.0	1.9082660744203825
1.0	0.5987399803232714
5.0	3.5510568363438995
3.0	4.132810154474483
5.0	4.629724661739521
1.0	1.876906607313906
5.0	5.093644937592553
5.0	3.4002330949116337
5.0	5.185993619259969
3.0	3.147223359828414
1.0	1.3258970364042073
5.0	3.775217311325473
5.0	2.865142124711203
1.0	1.5189469209718665
5.0	5.963281907173716
1.0	1.6525609827722618
5.0	4.8213280030751875
3.0	3.451666786734219
5.0	5.12146349915966
5.0	4.594998938396042
5.0	5.176460088417583
5.0	4.049695325129745
3.0	1.4516194916788399
5.0	3.5360404899903233
1.0	0.6877426437496172
5.0	6.098475152738867
5.0	4.5703876892913256
1.0	-1.1877363558297245
5.0	4.205636351898009
5.0	5.236817957040993
1.0	0.3265333054111169
5.0	5.195534355791436
3.0	0.4762678859224052
1.0	-0.2019866601538447
3.0	3.377807417753091
3.0	5.406590779448551
3.0	0.27047607653342576
1.0	1.1223961745580335
1.0	2.7982982455868726
1.0	2.529139706018297
1.0	2.041358988040304
5.0	4.148282751310965
3.0	2.6257037550876836
3.0	1.3000914246793418
3.0	5.949278948508125
5.0	5.479807505904071
5.0	5.671133483665006
5.0	4.732230995889768
1.0	-0.1377515889962968
5.0	4.313835391004682
1.0	2.263949489533302
3.0	2.955150330645442
3.0	3.7380997244138543
5.0	5.757977163633846
5.0	6.345254490744852
3.0	3.0008936624578326
1.0	0.7497892551856986
1.0	0.9680847713265197
3.0	2.248336594935524
1.0	3.5962621873991276
1.0	1.9731835661334514
5.0	5.271713614005792
1.0	1.0409163655707951
5.0	3.5463073032558396
5.0	6.900846703203522
1.0	1.7424637002201182
3.0	3.15956963972709
3.0	2.3822472207635688
1.0	0.13147907357836508
1.0	1.3945330784636405
3.0	2.3904052712048767
1.0	0.8709091503774244
3.0	2.810304388046052
5.0	4.835828657094515
1.0	2.0875383898491773
1.0	0.6921548148575698
3.0	4.742552736323702
3.0	1.1853533144704935
5.0	6.48018902361751
5.0	2.9525687611980267
1.0	2.890977828175921
1.0	0.9426171789837638
5.0	5.609920670776814
5.0	3.7143359044733497
3.0	2.4115915564582413
5.0	6.41070476651309
1.0	1.9076010464209319
5.0	5.223293442426803
1.0	1.048125490621371
5.0	4.752171026665322
1.0	-0.06399222734654608
1.0	0.7993716206949842
3.0	3.824608246004347
5.0	6.5769927341538095
3.0	3.5548159740500935
3.0	1.8387051981057017
3.0	3.681721965382325
5.0	4.359335607216627
3.0	3.0662889077314026
3.0	2.502306388583178
5.0	5.807345219026557
5.0	3.9320110518163522
3.0	3.4316089818306637
1.0	0.42113162788086134
3.0	3.860847109778316
5.0	4.188176464461994
1.0	1.7567474416853295
5.0	6.9260953183710185
5.0	5.378084086547897
1.0	-0.3883773536698518
3.0	3.080248533352269
5.0	5.758622230085474
1.0	1.8670205567441591
3.0	2.259981813124423
1.0	0.2834705745214441
1.0	1.536063905711606
1.0	1.5593316956966348
5.0	3.6491456921671
1.0	0.4934264173595374
1.0	1.1067020540968449
1.0	2.01281316741131
5.0	7.266364806130072
5.0	4.408326633719028
5.0	3.800350412758176
3.0	3.1959630483565804
1.0	0.019922825682543333
3.0	2.8711442028001692
1.0	1.7824554541538569
5.0	3.993650245529712
5.0	5.28499533191067
5.0	6.221473839700436
3.0	1.7051934856842406
5.0	4.304869464977632
5.0	5.680728746297505
5.0	6.244888208966353
5.0	3.1355707166841595
1.0	1.3867066716804992
5.0	5.13502068105155
5.0	5.555518679030868
1.0	2.2993160739550116
5.0	5.039108593737106
1.0	2.461751778013695
5.0	7.040634560258562
1.0	1.7702215552533913
5.0	4.445426860386745
3.0	3.273361095352622
5.0	3.913846562305288
3.0	3.7004925039980674
5.0	4.613667707126252
3.0	2.465035113080349
5.0	4.47733145453935
5.0	4.241028514738913
1.0	-0.22782514771188223
5.0	4.271756282820046
1.0	-0.09070652469162122
5.0	6.543713734884347
1.0	2.9360313137431575
3.0	2.040256288054088
1.0	-0.30301639827829585
3.0	4.487138096451825
1.0	0.8872280429824315
5.0	6.121641845418115
1.0	1.6992711076791926
5.0	4.246339835275757
5.0	3.703891924499753
1.0	2.0576188197390097
1.0	1.3348826130387934
3.0	0.6045934161953856
5.0	4.851451241566608
5.0	4.73840928671606
5.0	4.327598972847169
5.0	4.896689240747233
3.0	2.321003251020456
1.0	-0.4533204522006913
1.0	0.9604702184295381
1.0	1.3738606383825156
3.0	2.1379417944530754
3.0	3.470259880476149
5.0	5.671677890420845
3.0	4.480355493957396
5.0	4.308072734461042
5.0	3.284607967713543
3.0	2.6241544389125657
5.0	5.16833390575953
5.0	6.2329934053244145
3.0	2.7884880508047427
1.0	1.2168001042242382
5.0	3.583232787040611
3.0	5.02912200913081
1.0	0.7149019541180137
3.0	3.4150821944472094
1.0	-0.8822510903248804
3.0	0.7630677184106842
5.0	5.825900629188488
1.0	0.4280684906698664
5.0	3.73711469145651
3.0	4.3227867147786725
3.0	1.372167202934619
1.0	1.8261004371783995
5.0	5.402160387806296
5.0	5.3996318762221165
5.0	4.738873247273546
5.0	2.7619400801928413
3.0	2.4154312352022758
3.0	2.4380178562620864
3.0	4.246965853436031
1.0	2.1921110051730137
1.0	0.9263081226163298
5.0	5.031679347183352
5.0	5.093340172015892
1.0	0.5857461990583415
3.0	1.9548501582908036
5.0	6.710477971220962
5.0	5.438273995600035
3.0	4.415193768136172
1.0	0.8085484677879794
3.0	2.621801430987707
3.0	4.758913496901675
1.0	0.24232910837321697
1.0	-0.6238645887780414
3.0	1.729443982447533
3.0	2.6123170835852614
5.0	5.9233866937689035
1.0	1.7099527003821244
1.0	0.472402179353111
5.0	4.817333827160194
1.0	0.3879044493559852
3.0	1.9024171259136646
3.0	2.804417013116677
5.0	5.365428222099594
1.0	1.0702391358459702
1.0	1.9354828465406586
5.0	5.095217099660579
3.0	2.562527840653162
5.0	5.96096845474269
5.0	5.715349380558375
3.0	4.27382220214566
5.0	6.2677854166413915
5.0	4.850985200486841
5.0	4.50222826144226
5.0	4.404937762991366
1.0	1.7519327602580756
1.0	2.1059432692953903
1.0	2.1311855295032185
5.0	3.134059270033606
3.0	3.654997827091835
1.0	2.708333587771868
5.0	6.122369309191122
5.0	4.354881900046615
3.0	2.186851132338087
5.0	5.425063918798491
1.0	0.6110039747542316
5.0	3.6977159086863827
3.0	3.307676282077519
5.0	3.5708054054463876
5.0	4.984117767750372
5.0	4.032936794899247
3.0	3.1943969128428726
1.0	1.7910039631722974
5.0	4.044473130301379
1.0	1.204514078172558
3.0	2.1524624771784513
1.0	0.7338586630384747
1.0	-0.8520908776444012
5.0	3.518231618422315
1.0	0.050312889814777106
1.0	0.6346666600641586
1.0	-0.41347225681007616
3.0	2.45372785847848
3.0	2.2080919658284546
3.0	2.101950351541719
3.0	3.263931146812691
3.0	3.9778925890714802
3.0	2.8587688677301433
1.0	0.5752671263746434
5.0	2.9707474634948534
3.0	3.446405212024979
5.0	5.94937391788182
5.0	4.562570559457955
3.0	3.404650586682755
1.0	1.1414949131025187
1.0	0.5096721914162838
3.0	2.12183457312926
5.0	2.909708547929752
1.0	0.47278022719478097
1.0	1.1443660347094433
3.0	2.8785270196707313
1.0	-0.43293624738149616
5.0	4.756355200164258
3.0	3.3366034253162353
3.0	3.1359402701358703
1.0	-0.35439057935576557
1.0	1.4028651452795347
3.0	3.0787020725156355
5.0	5.452827126476661
5.0	3.9046214937746644
1.0	0.15780309610332965
1.0	1.8886534099898702
1.0	1.012244331262221
5.0	4.800597584054219
5.0	4.854355191455369
1.0	1.495429220390565
1.0	-0.6158021253640409
3.0	2.285944458706438
1.0	2.077532787616826
3.0	1.8399473677319746
5.0	5.011106196271097
3.0	2.7668181348687377
1.0	-0.8788969950989547
5.0	4.197691190993577
5.0	4.935982558201462
3.0	3.6986245976208068
1.0	2.7672529313703498
5.0	4.424953053527833
1.0	1.071149042134905
5.0	4.800255248609382
5.0	5.311114073742065
1.0	1.9340410608654919
1.0	-0.13418753650150061
5.0	4.233218430883823
3.0	3.8771068189741693
5.0	4.851984443247669
3.0	3.3421955820687916
3.0	1.2290240781821968
3.0	5.052418313755369
5.0	5.506105993394885
5.0	4.392553555765205
5.0	5.664416942666842
3.0	4.424073188811388
3.0	2.9500274897337717
5.0	1.9839276575767197
5.0	5.704334383003236
5.0	5.368348161590005
3.0	1.7426981884713024
5.0	5.542959928762355
1.0	0.6403325278280692
5.0	4.5437783360166835
5.0	5.165592242999543
1.0	1.513136012775543
3.0	0.672883046766124
1.0	1.8094852768851233
3.0	4.023557508848481
1.0	1.9861679801709136
3.0	3.887765402555127
3.0	1.562218313269557
3.0	2.152966217871887
5.0	3.5500114114621297
5.0	6.006518893184201
3.0	3.5729642278106954
3.0	3.3545250803955438
1.0	-0.04290913807902608
3.0	4.134890842587797
5.0	5.6829215304207
5.0	3.865606135051064
1.0	0.6140388142117461
1.0	2.2579275611424414
3.0	4.9000924046632965
1.0	0.2560470968643447
3.0	4.779299033193608
1.0	1.6762306060089964
3.0	2.6610023644899634
3.0	3.6535796491772228
5.0	3.675333933671122
3.0	3.3082915410860223
5.0	6.323744738609578
3.0	2.643821716864356
3.0	3.6638728042201687
5.0	5.531722008203697
5.0	5.900456461673269
3.0	3.781899407976215
5.0	6.0444609703714915
1.0	1.8169938013813733
1.0	2.255018306183241
5.0	4.946283226495582
1.0	-0.09484244691374055
5.0	5.202774575995417
3.0	1.1843765968020972
1.0	0.9852002517385244
3.0	4.038691476487627
1.0	-0.200294474839807
3.0	2.3837778087428427
5.0	6.366756322639388
3.0	3.226509735243676
5.0	5.49950136798238
5.0	4.986037375241932
3.0	3.261117893635183
3.0	-0.399654956440318
3.0	0.7610335018191452
5.0	5.235364967723015
3.0	3.81240813594236
3.0	2.9191102201617016
3.0	3.3628881861638216
3.0	1.4581696448873427
5.0	5.192536107406783
5.0	4.687318851061761
3.0	2.243235421929216
1.0	2.621019408552328
5.0	5.2622316878285496
3.0	2.293855037954793
1.0	-0.12992198450579528
5.0	4.3600622115305585
3.0	3.5694871662119123
3.0	2.232982261423681
1.0	1.6187360407999019
5.0	4.396582571321217
1.0	-0.5472977730798547
3.0	2.48974813727025
1.0	1.9841725390675762
1.0	1.6431292139460425
5.0	3.9388226305887386
1.0	0.3098954996718821
3.0	3.733077929494081
3.0	1.2404913000225903
1.0	0.5870006923404925
5.0	5.204209937094283
1.0	0.3880805145174777
1.0	-0.10058044018707979
3.0	3.0138042464927546
3.0	4.299986667179076
5.0	4.91596354939513
5.0	4.945594447137191
5.0	6.888474569620887
1.0	0.03175258170930262
5.0	3.586681638943709
5.0	6.000568512463703
3.0	3.5855143945336043
1.0	0.6536474598719786
5.0	5.520901937658848
5.0	5.119666792723287
3.0	3.1556631285104695
1.0	2.052532038160333
5.0	5.801043210354493
5.0	6.353481199849946
1.0	0.6557978253966136
1.0	1.1408372990786553
5.0	6.038051446260948
5.0	3.5155991959768613
3.0	4.085860230072111
5.0	4.919910797718767
5.0	2.972189387216477
5.0	6.855004584407217
3.0	1.4703417306631634
5.0	4.946053577182675
5.0	5.926382822761137
5.0	6.981068310057754
1.0	0.9156086175759821
1.0	1.1554088428472302
3.0	2.6511752864098677
1.0	2.062856593436928
1.0	0.5337383002868272
5.0	3.139947256518572
5.0	2.911674062246605
3.0	2.678311933219804
3.0	-0.28209313554653326
3.0	3.5116039070735727
3.0	3.209087019767464
3.0	4.812686767916006
1.0	2.7011028462204636
1.0	0.5185156159227949
1.0	1.2879739117562083
5.0	5.228271939148897
5.0	5.465631166332019
1.0	2.489566210194715
5.0	5.018987220630877
5.0	4.935942832320425
1.0	2.014174599111797
3.0	2.5693553566811262
3.0	2.6836900116506044
1.0	2.0726477356211457
5.0	6.057962688431646
3.0	2.2125068321428825
3.0	2.509173748762353
3.0	2.619753662605393
5.0	3.455355635688877
3.0	2.457513905898853
1.0	2.30748638633349
3.0	2.0718613979987954
5.0	2.5148755206625846
1.0	1.3281904148817456
1.0	1.5175038302515953
5.0	5.973453147021276
3.0	3.147572647598208
3.0	2.966213713201377
5.0	5.947799612221955
1.0	2.900324743647122
1.0	-1.1842880471148778
3.0	3.5283224225899588
5.0	4.84812219389538
1.0	1.1427338605888906
5.0	3.339883640370647
5.0	5.754516579274003
3.0	3.820073525258188
3.0	1.9195662950396928
1.0	1.3176216438590282
3.0	3.1764385854984294
5.0	4.953985054607309
3.0	5.58880384201824
3.0	3.788789624710817
3.0	1.104745634085006
3.0	3.185271634950649
5.0	6.729242256295869
3.0	3.593803738039579
1.0	1.2761146342609573
3.0	2.2484586826444612
5.0	5.21263733917265
1.0	3.375621658443996
1.0	1.6612838854748064
5.0	4.233471483556795
3.0	3.181782675317493
5.0	4.171650797460472
1.0	1.2343528421387018
1.0	2.0304233858502103
1.0	0.9194122673189754
1.0	0.36231995966630326
5.0	3.4991537236305525
5.0	4.879456946050675
5.0	5.629330910538379
3.0	3.805363013021659
3.0	2.410639143500459
5.0	4.098578065605102
1.0	0.8444435271596598
3.0	3.6257650453400747
3.0	4.765084918700366
1.0	0.7494068492127688
5.0	4.451708912347526
1.0	0.030893677062259872
5.0	6.546857113579243
5.0	6.662258684194249
5.0	3.1678779185363233
5.0	5.974244181384709
5.0	5.117760995711921
1.0	0.008648771492820284
3.0	3.5378349471458765
1.0	1.4856009399698957
5.0	3.9257861971886605
5.0	4.370256270748473
5.0	6.961484123699906
5.0	3.3832691088910956
5.0	4.936596128411147
1.0	-0.34589442202937715
5.0	4.498914041870163
5.0	5.47721614478588
5.0	4.687754842657926
5.0	5.2714455610655095
3.0	3.23676211923526
1.0	0.858235897868791
1.0	0.8883719689702458
1.0	0.7357781203443011
5.0	5.535485452152579
3.0	3.7470158030543095
3.0	1.9590100332764888
3.0	2.5812639233371946
5.0	4.691926341543395
1.0	0.6995086412832019
3.0	2.176391028921664
3.0	2.4978316796646722
5.0	5.151333157134381
1.0	-0.00867601473998425
3.0	3.000045973111224
1.0	0.834890996189232
1.0	2.589646315287717
1.0	2.2759858243161446
5.0	6.5047308013692255
1.0	0.04873265754735123
5.0	4.015569608413823
3.0	2.5477482789237658
5.0	3.8892767471240157
5.0	3.7162029095178952
5.0	3.4973147406294762
3.0	3.964030064464609
1.0	0.5136041147804324
1.0	1.0581476334090039
1.0	0.43090102151124166
1.0	1.5555868838747005
1.0	1.391611890987365
3.0	4.750535273785099
5.0	3.081120776073825
3.0	3.0554282399186077
1.0	2.70262538483309
3.0	3.104805143263194
1.0	1.9001033158419935
5.0	5.823376751682483
3.0	2.1407258450328155
1.0	1.6895602414238013
3.0	3.5100815748232588
1.0	1.7888736464315285
5.0	6.716174975826571
1.0	-0.3273240348292221
5.0	6.287690077774113
5.0	3.9185175054454584
5.0	3.1344852929953904
1.0	1.0488573012736233
5.0	3.6464405255317147
5.0	4.293462613142554
3.0	4.392470319360658
5.0	3.379748748461083
3.0	2.986586265626782
1.0	0.9077349375825406
3.0	1.934014381848268
5.0	5.04144335188944
3.0	1.9421563662706494
5.0	6.365497367708081
5.0	6.107909557520008
1.0	1.0280090839465004
1.0	-1.3302862921032794
1.0	1.883813500344436
3.0	3.1530851776952415
3.0	1.9355177710335287
3.0	1.6982565904993154
5.0	4.035901433442368
3.0	3.5722744925206116
1.0	1.289922537824538
3.0	2.71001792928586
3.0	4.460402511707856
1.0	1.5407682805263452
1.0	-1.3284731651335644
1.0	1.35041774587985
3.0	3.860117796699733
5.0	4.909223390846458
5.0	4.5710792805547324
5.0	4.31303947319842
3.0	1.9567527846627406
3.0	1.127711699344809
3.0	3.9333579594538755
3.0	2.4435473659619777
3.0	1.9382343847610837
5.0	6.906719746341533
1.0	1.7524417884240773
5.0	4.0862580751025375
3.0	2.6957666238003197
5.0	6.609404906926346
3.0	1.7772949821280422
1.0	0.45953149762038425
5.0	6.601693212164783
3.0	1.7183620369561146
1.0	-0.4659217439034169
3.0	3.627604437738096
3.0	4.591416262318539
5.0	5.7314933835850725
1.0	1.5061300304966592
3.0	5.1401661465543365
3.0	3.6660414342622456
1.0	1.5899455160934797
1.0	0.5974614748997172
3.0	0.9491557725293664
5.0	6.46050472038237
1.0	2.768343842108481
5.0	4.202375048390161
3.0	3.5927562315376207
3.0	1.4350334221354664
1.0	3.4853289428082364
1.0	-0.48575751867413164
1.0	-0.0014107862087520129
5.0	4.836091706097777
5.0	3.218899035378188
3.0	4.095092633159186
5.0	5.690156311724862
1.0	0.6526878835638904
1.0	0.8646518126052825
3.0	2.629155073045287
5.0	3.666580535213716
1.0	2.7047492602029037
3.0	2.9713250670623155
3.0	2.571524015742955
5.0	5.822904581598262
3.0	1.827032496944517
5.0	4.727696057119871
5.0	5.25761841597696
3.0	4.302499766689401
5.0	3.981480205513627
1.0	0.14542369649307219
5.0	6.1667155412448915
1.0	2.5150037002394825
5.0	5.455497617522002
3.0	2.814358105710825
1.0	1.2495503069537746
3.0	1.887932680558817
1.0	0.798442334952336
3.0	2.615132788454472
3.0	4.957500656541312
5.0	5.551898975777204
1.0	-0.6258320980592258
3.0	3.452906002604495
1.0	1.0746813742733077
5.0	6.104083156493178
1.0	1.370111757454385
3.0	2.892858131877876
3.0	1.9673453455436667
3.0	1.4422431395376423
3.0	3.6675405002438355
1.0	1.458113102431799
5.0	5.923701500186471
3.0	3.0928747692333154
3.0	3.07504614865703
1.0	1.4352985315654982
3.0	1.9774833461550956
5.0	5.025444895427743
3.0	2.535816371017624
5.0	4.736817589221001
3.0	3.127137831222224
1.0	0.4851563775157077
3.0	2.27106816415201
1.0	-0.21850358810767623
3.0	3.9179299065458917
5.0	4.661535707497909
3.0	4.322131707267152
3.0	3.4940345402099435
3.0	3.0637221750033263
1.0	-0.2871653990555918
5.0	3.8179475444952358
5.0	5.334531989464921
5.0	5.490765332819576
5.0	3.105404658699779
3.0	2.8464236041998676
3.0	2.282613329073806
3.0	5.122857920024644
5.0	4.670273089803024
1.0	1.0795595574041132
3.0	3.2731690232475033
5.0	5.3951335441205615
5.0	6.862351428036146
3.0	2.0297838097245364
3.0	3.04604745512501
3.0	2.8537244057601745
5.0	5.8322679913493225
1.0	1.5494688675793866
3.0	3.464044924593773
1.0	1.0815035223120477
5.0	5.835356538966013
5.0	5.877964564936045
5.0	5.658826675307324
5.0	1.4286674464483267
5.0	4.797132711864564
5.0	4.278538236257352
1.0	0.5128960423880174
5.0	2.40381277108331
5.0	5.86266676645934
3.0	3.5781113929887267
3.0	3.0611809913992745
3.0	3.930892096867106
1.0	0.7603668496020034
5.0	5.697042663820605
1.0	-0.7749288644635433
3.0	4.952996776648802
3.0	1.8192172295399447
1.0	-0.8244364827176238
5.0	5.973809298491581
1.0	0.8205765064755446
5.0	7.462873767761813
1.0	1.6373785802603154
1.0	1.0738909746539655
3.0	3.794293607020171
5.0	4.222754777647862
3.0	3.3110635039885965
5.0	6.364935837835007
5.0	4.372938783596501
3.0	1.6547907687468508
3.0	2.5788955881895688
5.0	7.612879596334071
1.0	1.2808305707701364
1.0	1.7906920277953118
5.0	5.457057723363157
5.0	4.95561923787194
5.0	3.6894508769848
3.0	3.518251463966242
1.0	1.547759597243791
1.0	1.7480295201969263
1.0	2.3537247974312323
3.0	1.1535665646203541
1.0	-0.14637976510372885
3.0	2.5770664439483295
5.0	5.367199513608063
5.0	4.909988002310395
5.0	5.163857199880781
3.0	2.4971518443249687
3.0	2.219472091479777
1.0	1.9136380650190854
3.0	3.898037914639461
1.0	1.203003734460691
1.0	-0.25308317415800796
1.0	1.7458157249188333
5.0	5.735773190862153
3.0	2.280950351666947
5.0	4.996664985989067
3.0	2.248686414978161
3.0	2.01655969547252
3.0	2.2677030464249146
3.0	3.5446107105692075
1.0	1.7545985449325832
5.0	3.9111952646222994
3.0	3.5924870144948784
1.0	1.79234620226151
5.0	6.522709785651763
1.0	3.6557173801480034
1.0	1.1521150853351971
1.0	-0.18159790314571667
5.0	4.967047060425059
1.0	0.9432565954827791
5.0	5.106383902526605
3.0	4.531302056072515
5.0	4.73514192145288
3.0	3.853031881486592
5.0	4.2158486030574505
3.0	2.884090636519909
3.0	2.3806680175086954
3.0	3.700007868500836
1.0	2.1632154330515494
5.0	4.742442650887444
5.0	4.586612576476519
5.0	4.1286835709647445
5.0	4.75419254479946
3.0	3.082107008308578
3.0	3.556447445388464
3.0	0.9700641219031931
3.0	2.3630059750953896
1.0	1.4462392706259775
1.0	0.8928002529687085
5.0	4.5499551233206885
3.0	1.972142715055074
3.0	4.239890912336225
3.0	1.8882939510260979
3.0	4.796236697297854
1.0	1.6864975765511787
1.0	2.1599142967512095
1.0	2.7289476497910288
3.0	5.2597538665049015
5.0	5.619330268577414
1.0	1.4651877884180742
5.0	5.201693224832478
1.0	1.717322608761156
3.0	2.9954207512130075
3.0	4.959711461479543
3.0	2.7584859849855374
1.0	-0.3916200208734939
3.0	3.0658050468540745
1.0	2.9449693408229836
1.0	2.2291159333153843
3.0	3.5953402699038572
5.0	2.5737180723283086
3.0	1.4081909636736691
1.0	1.2133149238207233
5.0	6.553685041000011
1.0	2.3725019194773
3.0	1.2241187059808805
5.0	4.331029610488549
1.0	1.2990151714398317
5.0	5.046609384597499
5.0	3.4354895573551603
3.0	3.037856755835628
1.0	1.0275488287500363
5.0	2.623896669309993
3.0	3.864533770742739
3.0	3.4893395821995368
5.0	5.139215544596391
5.0	5.3592704513744405
1.0	0.9171183878122311
5.0	6.181948170792525
5.0	3.7456676143993697
5.0	4.700216631662494
1.0	-0.6094233120054002
5.0	4.703701575184112
3.0	1.80386478462462
5.0	6.291696112531179
1.0	0.27441486761929257
3.0	2.3267043810554466
3.0	4.0783707681427535
5.0	4.462434204316793
5.0	4.150382072954306
1.0	-0.2664906968430565
5.0	3.5390147884611585
1.0	1.2155566081551408
5.0	5.258389208833082
3.0	3.206020135961577
3.0	4.617606082380625
3.0	4.348828667624264
1.0	3.329094604545037
5.0	4.560452613336794
3.0	2.1915457475017397
1.0	2.5615275373787556
3.0	4.039823138308199
1.0	1.71027113030165
1.0	0.8001451329932273
5.0	4.014314535664333
1.0	-0.7397164800117302
1.0	0.07941507836580264
1.0	1.3717557152111612
1.0	1.2933547775344099
5.0	4.855530618638527
5.0	4.469029866135355
5.0	3.9494772345531803
5.0	5.337667274579046
3.0	3.460343457555166
5.0	3.579916613449159
3.0	3.162429371948782
1.0	0.8766684173546138
3.0	2.6859956422726263
3.0	2.317037851049158
1.0	0.4427978580691576
1.0	2.4371583828643892
1.0	1.661443230761504
1.0	3.1779514775943354
5.0	4.549886110394081
5.0	6.439745677816071
5.0	4.831439398235197
3.0	2.810046397352583
1.0	0.5614229542321216
3.0	2.670518993040969
5.0	5.951944235327173
3.0	4.457319259622071
5.0	4.757019150486034
5.0	4.865903447895017
5.0	4.754332999113128
5.0	3.5450904686731946
3.0	2.6794066528471374
3.0	3.9916304013397195
3.0	3.6861832133890204
3.0	3.0060970005254815
5.0	3.8738670299783817
1.0	-1.6632837341663076
1.0	0.02539634728604534
1.0	0.9994503712524964
5.0	6.5331277498292435
1.0	1.1474551723983777
1.0	1.6128198346156442
5.0	6.076889593920928
3.0	2.687356026314558
3.0	1.2731523923720562
5.0	7.0722298218107795
1.0	1.101706588704048
1.0	0.8173343348388742
1.0	-0.0728313776042695
5.0	4.3924234746020066
1.0	0.11716417600045026
3.0	1.948242486374229
5.0	6.6082498596663095
5.0	5.113467068458347
5.0	3.945542561269411
3.0	2.9448679700709897
3.0	2.654955258994871
1.0	-0.9735596275439047
3.0	2.24569637478492
1.0	-1.0936422735279514
5.0	4.525523993203715
5.0	5.75530671515776
3.0	2.1532759810105757
3.0	1.2278560533453515
5.0	4.731280439685919
1.0	0.05424105712911431
5.0	4.2545486932636365
1.0	3.3187497356286504
1.0	1.8530030355473444
1.0	2.2702015162572797
1.0	1.0670169955976854
1.0	1.663548417450027
5.0	5.236733271777866
3.0	2.943368734273476
5.0	3.647365475114686
3.0	3.0219930620087587
5.0	5.264237743196037
3.0	4.191106130835071
5.0	6.859484752682146
3.0	2.795788377251113
3.0	1.7997010204888269
3.0	2.1098775080538426
5.0	5.456653649672011
5.0	3.9209215858206887
3.0	3.6302248543799656
3.0	3.3666740709445775
5.0	6.227519930876065
3.0	2.9852906798861505
1.0	0.7496590922823099
3.0	1.631013202673299
5.0	5.213239125220786
3.0	2.740455040026732
1.0	-0.01794501824448691
1.0	0.9178830826117436
5.0	6.681001203478432
1.0	0.6908743517996137
5.0	4.256295665170693
3.0	1.8601724602043064
5.0	6.799229839547371
1.0	0.9652740309491407
5.0	4.099633528262797
5.0	4.773295385095972
5.0	3.23486646019047
1.0	0.5887383735571159
1.0	0.9569134708611021
3.0	0.9098838411990164
1.0	-0.760635012107117
5.0	3.74353856131546
3.0	1.9549156715981424
1.0	0.6882602654378336
1.0	-0.5054900509231797
3.0	2.9494731565909045
5.0	5.880948830179422
3.0	0.3137599351125675
5.0	4.365597813842282
3.0	2.449046050258962
1.0	1.075305097407017
3.0	2.6706678260977603
3.0	3.8674909706234786
3.0	4.189646649919925
5.0	4.2092344926472425
3.0	2.8959887249623666
5.0	5.116542123711056
1.0	0.10068750958279826
1.0	2.0193466904825144
