Gaussian Generator(1.0): mean=1.0,stDev=1.0
Gaussian Generator(1.5): mean=1.5,stDev=1.0
Gaussian Generator(2.0): mean=2.0,stDev=1.0
2.0	1.8188331331803993
2.0	1.1042148088315713
1.0	0.6190993861700265
2.0	3.855924037706059
1.5	0.8574221258565745
1.0	0.8986246172416325
1.5	2.8651426390229684
2.0	1.2415720238163042
2.0	2.299451918135598
1.5	2.6128739028790307
2.0	1.136743812442527
2.0	3.3160582614901744
1.5	2.3167668430293733
1.5	1.5286529389684775
2.0	2.0447794215558077
1.0	0.8735905396799343
1.5	0.8416608622331165
1.5	1.1692986370587737
1.5	1.9994410307805193
1.5	1.1497119052489588
1.5	1.8876282145751717
2.0	2.9817204993685746
1.0	0.7661515929596411
2.0	2.078528136774082
1.0	1.6205390696283715
1.5	0.5264011385951359
1.0	0.7357908725829589
2.0	2.445318590045294
2.0	2.345044761115195
1.5	2.474944867132972
1.5	-0.40812346165355695
2.0	0.9509859605965507
1.0	1.912834607913407
1.5	1.0738777903976688
1.5	1.5182817998077198
1.0	0.8013322827476496
2.0	1.6216017771786027
1.0	2.2174604618367253
2.0	3.2825043287785363
2.0	3.215206462170613
2.0	1.473248669148626
1.0	-0.20213765147438645
1.0	1.4614104574534457
1.0	1.0775931887895773
1.0	1.7430995768909623
2.0	2.379601056102985
2.0	2.1114518134047864
1.0	-1.4362033606904405
2.0	1.9054262764820196
1.5	2.6263146294642867
1.5	1.8472628464826562
1.5	0.39233144303228706
1.5	0.6941779993517982
2.0	1.8634457109392877
2.0	1.5472925461295675
2.0	0.8228573665960119
1.0	1.5883863338763438
1.0	-0.08674187442376713
2.0	2.092639873619004
1.0	-0.6747862804463176
1.0	-1.3071810866645128
1.5	2.426917211687793
1.5	0.6313239521957823
1.5	0.4401016613621467
1.5	1.093664051181897
1.0	0.909258334075878
2.0	2.7703010888226567
2.0	1.6759169580054447
1.0	0.008705775368995972
1.5	1.3571141618123814
1.5	2.521540707727788
1.0	1.5826920206283495
1.5	1.5006465386446224
2.0	1.860872969956762
1.0	0.10202479360254268
2.0	1.3101177562382316
2.0	1.5745224265328228
1.5	0.21393267723766773
1.0	-0.19277586095356614
1.0	1.2415978954129854
1.0	2.2364028907333533
1.0	1.4803884983455573
1.0	1.6637889623448578
1.5	-1.337103641038714
1.0	1.881730367051956
1.5	1.5432627182729282
2.0	2.5818704517135878
1.0	-0.3153424110163816
2.0	-0.5633965918129382
1.0	0.6437307896389023
1.0	0.9844546260036213
1.5	2.1330605749987015
1.5	3.0802402278565344
1.0	1.1773933839854953
1.0	0.7313404818136575
1.5	1.0338065752563292
1.0	1.4338274049687918
1.5	2.3203805171483407
1.0	0.340309239834757
1.0	1.605206772376524
1.5	-0.626184067660629
1.0	0.7276514087408494
1.0	2.1902333657199904
1.0	0.656621836683005
2.0	1.1739748108252965
1.5	4.551734201416371
2.0	1.1235027896185796
1.0	1.6007899076968075
1.0	-0.394708645089453
1.5	2.7100278606061505
1.0	1.1254391280383191
2.0	3.3751130339706554
1.0	-1.4752579804487547
1.5	2.1451267055930696
2.0	2.795971657524378
1.5	1.4561502788832212
1.5	1.8732019081749658
2.0	2.287854705478705
2.0	2.452161325458136
1.5	1.7979984882699134
1.5	2.1863973231581664
2.0	2.346479939367206
2.0	2.8438448877105467
2.0	-0.08508594994199514
1.5	-0.020225734989305577
1.0	3.358031520571762
2.0	2.150942355490401
1.5	0.7999451254237583
1.5	2.008429670916157
2.0	2.087043002121488
1.5	1.8679292079726417
2.0	4.104382073825318
1.5	1.3080028483772586
1.0	2.1583528426203626
2.0	3.027543243566692
1.0	0.6233788870335092
1.5	0.8720428140197023
1.0	1.8711382054566001
2.0	2.8692766536012377
1.0	0.929981091129057
1.5	1.8367336147188982
1.5	1.25214257148387
2.0	2.4072908293025597
2.0	2.4973538624961673
2.0	2.8816510995843627
1.0	1.3671538479101688
1.0	2.7985989640522937
1.0	0.541525204826772
2.0	-0.22974243569415798
1.0	1.8417150054372067
1.0	-0.12321234452067209
2.0	2.8497142696999314
2.0	1.4332466315922827
1.5	0.9024515408369531
2.0	1.8002718177388468
2.0	2.920531444457132
1.0	1.782871286305539
1.5	2.3080861180324193
2.0	2.9392589823992994
1.5	1.8790563805315998
2.0	0.24355802586882813
1.0	0.9251841549875282
1.0	0.46536469965298266
1.5	2.3485308251143797
1.5	1.3459721942444804
2.0	2.0855829122192455
1.0	1.9496848115463603
1.0	1.0346355681294919
1.5	-0.35776218965431816
1.0	0.4370280014152028
2.0	2.1339815052226396
1.5	1.4019887965654017
2.0	0.6550088595862771
1.0	-0.47826282489026095
1.5	1.044707869176413
1.5	1.8905848179821056
1.0	3.2684876659405027
1.5	1.9197167748300212
1.0	-0.02481560039289188
1.0	2.0475144682218813
1.0	0.24798394008738223
1.5	1.870541454798614
1.5	0.944192872954828
2.0	1.4497365776029203
1.0	1.7413790900126607
2.0	4.146254310303651
1.5	-0.6634861326911672
1.5	0.8801695457207186
2.0	3.1938896353474466
1.0	1.2202967163440217
2.0	2.2014827659298843
2.0	2.157261794398146
2.0	1.373281331279455
1.0	2.806919802585439
2.0	3.001605828911014
2.0	-0.005397730788839539
1.0	-0.1926467517554602
2.0	2.683519464324818
2.0	1.7316237013209883
2.0	2.498793782490758
2.0	1.290622084963284
2.0	1.5019646176733668
2.0	1.8826656627985967
1.5	2.4857047581811393
1.5	2.0668964931531257
1.0	-0.48059669857904685
2.0	1.7942694805576729
1.0	-0.6276038441543064
2.0	2.484046821149404
1.5	2.3246750871617445
1.5	0.786830141521668
2.0	0.9417764837632967
1.5	1.594049762410761
1.5	0.357712719819991
1.0	1.546258848620803
1.5	1.8896471084802315
1.5	0.1353737680851701
2.0	0.6550196286123773
1.5	1.536879878988445
1.5	1.5721033717552322
1.0	2.284803512761803
2.0	1.1888426089458148
1.5	1.2968199056743572
1.5	2.908103731746083
2.0	2.2592039278765754
1.5	1.5482594856399376
2.0	2.154262673461978
1.0	0.7318251500843509
1.5	1.1222475737310476
1.0	1.1787342273608323
2.0	1.5480173547258933
1.0	-0.27013257730553275
2.0	0.7527950071076279
1.5	1.539188075431353
2.0	1.3784408731445783
1.0	1.395813136058929
1.0	1.483627801070997
2.0	1.8869102785929004
2.0	2.3092457210268944
1.5	0.4342749090525311
1.0	1.730053686276824
2.0	1.303359909028134
1.0	1.426436507897383
1.0	0.3574037207368713
2.0	1.2812364428203855
1.5	1.5567222750140093
1.0	1.6401760664488338
2.0	0.19358263137543608
2.0	0.1902991095836264
2.0	4.4743852175283765
1.5	0.6462201007676535
2.0	1.5110175464907027
1.5	0.8399131858829297
1.0	2.0551082180790208
1.0	1.284986538153126
1.5	1.201013940819104
1.5	0.386741749634971
1.0	1.1008214338627476
1.5	0.5479955056069487
2.0	3.514666672494103
2.0	2.2815246213596376
1.0	0.8183225532304933
1.5	3.1097282370203523
1.0	1.0671701803932434
1.5	0.04174905422618158
2.0	1.93412044494651
2.0	2.4371517236075464
1.0	1.0504375577136804
1.5	1.0737131122603585
2.0	2.4484638462973156
1.0	1.7251361017750289
1.0	1.4598859814135876
1.5	0.3180459600003034
2.0	2.295833293324317
1.5	1.1600628336744554
1.0	1.5900663135391995
2.0	1.27987922813357
1.0	0.8374116632460593
1.5	0.2975891684630263
2.0	1.7116833283916995
1.5	0.9961175549719652
1.0	1.0989353331353084
1.0	1.6858594499158948
1.5	2.153252764128253
2.0	2.6094574323005375
2.0	1.5329335089983762
1.0	0.2803531600102952
1.5	1.6758219787521338
1.5	1.7335134437097564
2.0	2.1803463951026365
2.0	2.083087971666553
1.5	-0.2594788639551997
2.0	1.5209006313837454
1.0	1.5374348221126
2.0	0.679435326945182
1.5	0.455995759690732
2.0	3.727277604452296
1.5	2.657166977638825
1.5	2.3257353149146547
2.0	1.5167760838261666
2.0	1.8942028386905905
1.5	2.1813196602962566
1.0	2.230026944830911
1.5	3.311121914021215
1.5	1.371130909683699
1.0	2.5462695761682808
1.0	1.7918956023116226
1.5	1.472153817225234
1.5	-0.27828141892430946
1.0	1.444859738362111
1.0	2.2988622636762397
1.5	1.5226829813070166
2.0	0.931883498175337
1.0	-0.8190374935041269
1.5	2.1912077880854004
1.0	-0.126877568009375
1.0	-1.3515406140850614
2.0	1.5898430989603143
2.0	1.8557200579690203
2.0	1.0889950408807494
1.5	0.20155099182928815
2.0	1.8941178922535984
2.0	1.168789470151381
1.5	3.043574699194692
1.0	2.2385803367034667
1.0	2.182589227064632
1.5	2.4258037497844445
1.0	0.8988929165424864
1.0	0.2577276797836652
1.0	1.482777633709674
2.0	1.6069713699282029
2.0	1.5705284853817176
1.5	2.0892540019835195
1.5	1.4818787214710463
1.0	-0.009675691415291565
2.0	1.3662434913093402
1.5	0.6174024435829049
1.0	1.0748308684339123
2.0	2.3141809023325326
1.5	1.3121189265262574
1.5	1.4060615151111766
1.0	0.043880132825889095
1.0	-0.2812739074383357
2.0	1.9201112674657204
1.0	0.872318374402127
2.0	2.5368202971964746
1.5	1.9504566372937773
1.0	0.8278958144293269
1.0	2.3666001282622537
2.0	2.1862558357783923
2.0	2.9738423911490472
1.0	0.366991326636377
1.0	1.7972698010685937
1.0	1.310283245290659
2.0	0.9960461682908173
2.0	3.444200627241522
1.0	0.8834888383986073
2.0	2.973112385269955
1.5	0.6119964766682513
1.0	1.1927661239512666
2.0	1.3626604434168073
2.0	3.086344491118108
1.0	0.35904474436544376
1.5	-0.7153195260449934
2.0	1.8107587003268126
2.0	1.092071937420389
1.5	1.4697434150857516
1.5	1.3386354570571788
1.0	0.3501923534542424
1.0	-0.8205926611772718
1.0	-0.3181217486305734
2.0	3.529811280401419
1.0	2.2200618296864745
2.0	1.9078845620340374
1.5	2.03720834254992
1.0	1.1805547577450632
2.0	3.176192108027467
2.0	1.2721502532536861
1.5	0.36981149607818176
2.0	2.6468046912765457
1.5	1.4940819335393134
1.0	0.008145454060749402
2.0	0.6028785845640734
2.0	1.9769210506336736
1.0	2.949357411865172
2.0	3.7988939329022813
2.0	-0.00417957744190689
2.0	1.193025895624959
1.0	1.024153771226932
2.0	1.8575721339126547
1.5	2.052916566844358
1.0	0.9950731214541066
1.5	0.3327019124769093
1.0	0.9056569451220238
1.5	2.853028224545908
1.0	0.2681193075613173
2.0	2.5401120451691037
1.0	1.344407726638395
1.0	0.6689800376814916
2.0	3.1138233234296724
1.0	0.06739558172595861
1.5	3.1456532362511918
2.0	0.7307584317266276
1.0	0.30158349933259465
2.0	-0.4849124361630288
2.0	2.0917963922262213
2.0	1.4467697501395098
1.0	-1.4271312522456996
1.5	-1.119864852727276
1.0	1.268492294821013
2.0	2.6543121959142253
2.0	2.2004317047079422
2.0	-1.2250713317236253
1.5	1.2902941086785553
2.0	4.267793733110388
1.5	2.2206567529078693
1.0	-0.18539645642948743
1.5	1.1287045304829393
2.0	1.9828143667842346
2.0	2.254472367217338
1.0	1.0406570128049644
1.0	-0.029547224933787142
1.0	3.071422426114077
1.5	0.14451150162725068
2.0	2.1119264784402247
2.0	1.853376530809258
1.5	-0.005339853285718732
1.5	1.9502917622368006
2.0	2.1077948131981743
1.5	1.3815447983206173
2.0	2.0005339529490174
1.0	1.3001220926606187
2.0	1.9718281341549182
2.0	2.0171527563173277
2.0	2.817389596606608
1.5	2.3601025161271627
1.0	2.2753659816260168
2.0	2.5750215383884107
1.5	1.068417381534955
1.0	0.9010228405975732
1.5	1.199840485577194
1.5	1.8136496582679789
2.0	2.2403039103671625
2.0	1.2483948259445303
2.0	0.6321362497856786
1.0	1.357257003676097
2.0	2.362879507047161
1.0	0.6820610503447602
1.0	4.088057193955045
1.5	2.150339053830929
1.5	2.013764141665818
2.0	2.992888638391779
1.5	2.8402047598933917
2.0	3.102629222726396
2.0	1.6673897831521907
2.0	1.7974129020485115
1.0	0.6585539632767781
1.0	1.9111165594288635
2.0	2.1914134816362343
2.0	0.8219473889097657
1.0	1.0224163479175055
2.0	1.9836871306545387
1.0	-0.6644911022359343
1.0	1.5611827987229194
1.5	3.8995258305458274
1.0	1.1172014373600754
2.0	2.1522719418427685
2.0	2.24088006991745
2.0	2.192764087521934
1.5	1.1498100128737425
1.5	-0.0590661492034521
2.0	1.7565030796984176
1.0	1.5374815282398409
1.0	1.8172358166876055
1.0	1.3190063905674827
1.0	0.5331736044032934
1.5	0.596673357677941
1.0	1.5528258708282427
1.5	0.28671850510478336
1.5	1.5853446599900667
1.5	2.056714764246847
2.0	1.6715322741599425
2.0	4.319552311327536
1.5	1.5647433901563836
1.5	2.4518351964141076
2.0	0.6111968671000427
2.0	3.7483296343081953
2.0	2.7522029738240303
2.0	3.3384202389770463
1.5	1.591415392919083
1.0	0.4604963494025748
2.0	1.9754159333157395
2.0	1.8391374390056328
1.5	2.8799414957565133
1.5	-0.1088890771076465
2.0	3.063663520245347
2.0	2.3716568167959933
2.0	2.900433185360745
1.0	0.44825920823123433
1.5	1.2476303882191346
1.5	1.15251076880772
2.0	2.746362833315957
1.0	-0.664825759491368
2.0	3.334188855460959
1.0	2.3202373611006193
1.5	1.8240264533655344
1.5	2.186738762004201
1.5	1.000819285735002
2.0	2.3709715285145005
2.0	2.2577033047826682
1.0	-0.7590958963583518
2.0	1.5381960741783212
1.5	0.06173084652274974
1.5	-0.013058608658401916
2.0	2.072226720989341
2.0	1.1824857648495435
1.5	0.2252751823666468
1.0	0.03812977025636888
1.0	0.8292451017077039
1.5	0.724341791986743
2.0	2.124026930735195
1.5	2.166596135203811
1.5	1.496984968428682
1.0	2.469181846697531
1.0	0.717110643121599
1.5	1.7937492587597594
2.0	2.497240996723477
1.0	0.6953935129622881
1.0	0.9448475353011034
1.5	2.133572110208973
1.0	-0.2605476654480776
1.5	1.3146872163901921
1.0	0.2924656443978716
1.5	0.35205984522552725
1.0	2.735204501631588
2.0	1.364945463754737
1.5	1.5886312178014297
2.0	1.7740129337165786
2.0	2.8935152445769945
2.0	2.179733971298339
1.0	2.306366546525154
1.5	0.32488920743751715
1.5	3.786542898670284
1.5	1.8803684561479916
2.0	3.170849500282629
1.0	1.6329632090572537
2.0	1.6823039598086864
1.0	-0.125699009871179
2.0	3.138122951162469
1.0	1.294025326254619
1.0	0.5388014059342358
2.0	2.0414571553172545
1.0	1.3741520788918575
1.0	0.9212689345503003
2.0	1.6758299628602398
2.0	2.885545012915788
2.0	1.039457819031313
1.0	-0.6076217931288412
1.5	1.102753534425423
1.0	1.796927523217554
1.0	0.6245820627828209
1.0	1.9392517221518435
1.5	0.2761345099099206
1.0	0.6847126636767199
1.0	1.062371335295998
2.0	3.686574518300975
1.5	1.0186849345947737
2.0	2.843667839117244
2.0	1.9509883654656277
2.0	1.2856739532325772
2.0	2.2054724703541755
1.0	1.9969295810728453
2.0	3.920273667646109
2.0	0.17437426545532753
2.0	-0.2884226399227017
1.5	3.124007621004746
1.5	0.9546239681523737
1.5	1.6598097307774138
1.5	1.0724222876738756
2.0	2.6407311921860157
1.0	1.6793531375228692
2.0	2.9151256050241776
2.0	1.5811384666034014
2.0	1.6077740808600975
2.0	2.589116946845192
1.0	1.1617974597597756
1.0	1.1405922837373694
1.0	0.8843647062092747
1.0	0.051544412441791976
1.0	2.2422649976960853
1.0	-0.026100093735795138
1.0	0.3051003130937894
1.0	-0.47065979269454394
1.5	1.0858177222340164
1.5	-0.20948557139148383
1.5	0.8840709604522314
1.5	1.242553613169438
1.5	2.6275068568057858
1.5	1.745994457698821
1.5	1.1463383784745391
2.0	-1.1453969466838152
2.0	2.198113197312727
1.5	2.338826680533663
1.0	0.2393028325355766
1.0	0.12474367367812844
1.0	-1.6125936315050509
2.0	2.0415097683739303
1.5	-0.013288721715348117
1.5	1.1528107579796565
1.5	3.8103509200999373
1.0	0.012307744696214207
1.0	0.11047060859949764
1.5	2.138012203518027
1.5	1.3500866204256252
1.0	2.0449109823551206
1.0	-0.8861408808591134
2.0	2.156422302799656
2.0	1.8945170926944688
1.5	0.1652339101221183
1.5	-0.23769086015014285
2.0	1.7083331568617588
2.0	1.8157024304059215
2.0	0.9730282876092675
2.0	2.4673077848191443
2.0	3.6985423916533815
2.0	0.6428738001303913
1.0	1.5461857828173873
1.5	0.6289477136749801
2.0	1.9534208748985638
1.0	0.8528521190609826
1.0	1.2697206140999064
2.0	1.3747277145556125
1.5	1.6300003013257287
1.0	0.5062602048985743
2.0	2.1749176640658288
2.0	2.423148588542407
1.0	0.26813277363833987
1.5	1.8999809544437296
1.0	0.38579485840511163
2.0	2.8246990847909923
2.0	3.2344528765726848
1.5	0.7005247108597583
2.0	2.299174933248726
1.5	0.5766363507040608
1.0	0.8934785671354633
1.0	1.2434656257009151
1.5	2.4924436555728318
1.5	2.5494681660170784
1.0	0.2652650308384046
1.0	2.2981099822144953
2.0	1.0311209762065086
1.0	-0.9916985378728549
1.0	-0.589509552430274
1.0	0.33260535684790493
1.5	3.5196889040533206
2.0	1.873974887193313
1.0	1.438677290100245
2.0	2.6587320334674125
1.0	0.6011751611599878
1.0	0.8149090171450288
1.0	2.1041951970753967
1.0	1.2123794248039585
1.0	0.7114797033859711
1.0	1.3909005658614233
1.0	0.29141939633574365
1.5	3.1913698838222535
2.0	1.558563746190619
2.0	4.295817127362909
1.5	0.6726064834666682
1.5	0.9523072057087486
1.5	1.5492494668852514
2.0	1.3892567024504525
1.5	0.8915172085912627
1.5	0.8121963295190544
2.0	1.2816541290058674
1.5	1.2642165661031946
2.0	1.574505165626257
1.0	2.7043127465731125
1.0	0.2658887912057264
1.5	0.10771595967401137
1.0	2.065152444437416
1.0	3.081339847160457
1.0	1.5773869424543019
1.0	3.6647888898490124
1.0	0.7609981935102064
1.0	0.9783295671667648
1.5	-0.028359588449486495
1.0	2.0075688693432987
1.5	1.6605467410531356
1.5	2.559270203388972
1.0	-0.5726249997609356
2.0	3.0516260240173487
1.5	0.2246499071328989
2.0	0.6424664562161697
1.5	1.2309470983468962
2.0	2.379727358344645
1.0	0.9551157040599163
2.0	3.454846082053238
1.0	1.6889052712239914
2.0	2.5887264809639743
2.0	2.170154050912743
2.0	2.711159352178237
1.5	3.0998498766775455
1.0	-0.38939723966985285
1.0	0.11929384522800957
1.0	1.0939848595748163
1.5	1.039428153209566
2.0	3.3489051959320006
1.5	2.212979747613357
2.0	1.1040429980499333
2.0	2.449839443840144
2.0	1.8179767730023255
2.0	1.5437274277925686
2.0	2.75548133567698
1.0	0.6516334073889103
1.0	0.39495525774748064
2.0	3.1587816582296084
1.5	1.2133481352560365
2.0	3.229006793817587
1.0	0.7365151020978418
1.0	0.936261962419455
1.0	-0.3487073693360454
1.0	0.5043938747235559
1.0	1.8950936151173323
1.0	-0.20363676461822844
1.0	2.5498983715460586
1.0	2.012185954151731
1.5	0.4188023965659693
1.0	2.4722860295595455
1.5	1.9459636474551119
2.0	1.9838984553806234
1.0	0.6993316179564684
1.0	-0.7569498257598946
1.5	0.1887989985233276
1.5	3.3685856074343343
1.5	2.012524714964732
1.0	-1.301466948554045
1.0	1.5210348192095293
2.0	0.34058977105150023
2.0	1.7726009927690278
1.5	1.7933597254357907
1.5	-0.9653549046350673
2.0	4.003026499000509
1.5	2.660245476448698
1.5	0.9441510140094023
1.5	0.3680575099596721
1.0	0.4838592953211136
2.0	1.1961425347687942
1.0	0.9694195472550414
1.5	2.5634698336859087
2.0	2.3627268909209884
1.5	1.1799350842255918
1.5	2.3290133352417315
1.0	1.8257427582128611
1.0	0.735823251605759
1.0	-0.020086880302095933
1.5	0.578044278001725
1.5	0.45235235772595495
2.0	3.808849265286989
1.5	1.0947916064877514
1.5	0.6304580128151724
2.0	2.5813380571796802
1.5	1.571998858726202
2.0	1.1890483358442145
1.0	1.9315160584148603
1.5	1.3508877544334288
1.0	0.7429605627994236
1.5	2.129619642368531
1.0	1.190969325147225
1.5	0.7132181111645433
2.0	2.972720485398607
1.0	0.9841905610928807
2.0	2.307279015915592
2.0	3.3468528911041187
2.0	3.2665459785038795
1.0	1.2517706274720575
1.0	0.8715196074510618
1.5	1.5814320516686984
1.0	3.1855463159777666
1.5	3.6141645700088083
1.0	1.2127163629659756
1.0	1.3709356167319426
1.0	-0.15193683666557534
2.0	2.5511433081787205
1.5	2.5045441210336703
1.5	1.5532275003643863
1.5	1.4938992993227387
2.0	3.9925432146882924
2.0	0.7857176929809482
2.0	1.4662195487698029
2.0	0.682670924068949
1.5	2.823064362126326
1.0	0.6849328318389254
1.0	1.8948687296748634
1.5	2.4178582820863306
2.0	2.351601417747881
1.0	0.8238658991356065
1.0	-0.439420193980371
2.0	1.0099709413540008
2.0	0.9873204161102562
1.5	3.2777245061837323
2.0	0.8098409622830707
1.5	-0.4783584053981209
1.0	1.3199282024011605
2.0	0.8701410754258838
1.5	1.9615466463053561
1.5	2.415599064190441
1.5	-0.31762307719183314
1.0	0.4208292684531846
1.5	2.530997545462366
2.0	1.7965867174435324
1.5	-0.679582812464314
1.5	2.5530877275157273
1.0	2.0739210383342916
1.5	0.6705435198347378
2.0	2.4096484007232593
1.0	0.9448818647019038
2.0	1.1365179777076237
2.0	0.7906054270683971
1.0	0.8180088087260001
1.5	0.07087198888536705
2.0	1.3237862587662967
1.5	1.851482918570765
1.0	1.0445853168852826
2.0	1.6036444601816766
2.0	1.7789241445169028
2.0	1.1308760237908952
1.5	-0.018865550084887106
1.0	0.6881050753557334
1.0	3.2705512370770413
1.0	1.9669955503293446
2.0	3.130172608555693
1.0	1.5254079014308242
1.5	0.5028014137678327
1.5	0.7164154894501819
1.5	2.492650110468765
1.5	2.0937144512342902
1.0	0.4966736233386141
2.0	3.098723358085352
2.0	2.477677978809732
2.0	2.357308723414268
1.5	2.668242378266081
2.0	4.11931636328258
1.5	2.949167275483336
1.5	-0.46770001324873944
1.0	2.8648564687566225
1.0	1.161500813780429
1.0	1.510505737776842
1.5	1.1280402322988754
1.5	0.7499168696760384
1.0	0.7972703465497245
1.5	0.14862912209642754
2.0	3.777817651845613
1.0	0.7415469145711008
1.0	0.46504816888825673
1.5	1.1436101752459742
1.5	1.7574395910656837
2.0	1.539614376805139
1.0	1.7402347066611146
1.0	-0.32789213685486507
1.0	2.031275582431558
1.5	2.595414638990313
1.5	2.5044089276226495
2.0	3.4907102676071435
1.5	1.8118166474155257
1.0	1.0234412822955266
1.5	0.7679134778318297
2.0	2.8845217081896934
1.0	1.421374944718254
1.0	0.812147113160487
2.0	2.123495443057226
2.0	1.430500371164308
2.0	3.0844772044108053
1.0	-0.07460713733793112
1.0	1.5034854045727073
2.0	1.4235514615664888
2.0	0.6428421545871732
1.0	0.6470370316331964
1.0	-0.3827092622642123
1.5	0.49173316625459784
1.5	1.7502506561902365
1.0	0.34745084441643903
1.0	0.9846489321174395
1.5	2.0816888547016963
1.0	0.5669013301325139
1.5	0.6320375641807578
2.0	2.3710685584407845
1.0	0.1490796774843638
2.0	2.670805758053779
1.0	1.4574948132242533
1.5	2.177916817748017
1.0	0.2527518865192516
1.5	3.4277835267308574
2.0	2.6452826426162424
2.0	2.319903171872544
1.5	1.743725203075422
1.5	1.8206367316767154
1.0	0.4379033097824706
1.0	0.9822851111252687
1.5	0.7293611497269556
1.5	2.008792918755356
2.0	0.6817925934653506
2.0	2.5770176265620166
1.0	-0.7814170433299761
1.0	1.2777656921680756
2.0	1.0095433129777
1.0	0.927557496273533
2.0	2.0260917831381904
1.0	2.1881420589107443
1.5	2.138756731955893
1.0	1.6171806173546424
1.5	0.03517484313892805
1.0	1.3113777003795755
2.0	1.9874563332495194
1.5	0.5067872959019992
2.0	2.7351757122528877
1.5	0.07293300246886547
1.5	2.1961439048258398
1.0	2.130869899116221
2.0	0.6902584215728089
1.0	1.7137262521583194
1.0	1.9742458207793043
1.0	-0.12880526503100875
1.0	1.4128112887750923
1.0	2.900181613080461
1.0	1.0610694154686466
1.0	1.0471163414425217
2.0	1.4844210126142157
1.0	1.061644947866093
1.0	0.8554866649100848
1.5	2.7578602709694464
1.5	2.1171207774450895
1.0	1.6416020333548054
1.0	0.6070049235904513
2.0	3.3487319450875557
1.5	2.343228195022064
2.0	2.3309962544260676
1.0	0.13393236682592757
1.5	1.095527080375386
1.5	1.2769332439266317
1.0	0.22608732193776082
1.0	1.804228268819788
1.5	1.9223992331189939
2.0	3.5130455645663066
2.0	1.7104573923353945
1.0	1.3504263666489078
2.0	2.053798940569933
2.0	0.8404353152729693
2.0	2.1275214526539017
1.0	0.5674337317506084
1.0	-0.28451405326838497
1.0	-1.2717434025577559
1.0	1.6676677035456478
2.0	5.007335956506681
1.0	0.24984776849510915
1.5	2.990031077854524
1.0	1.2031957963104118
2.0	0.8793337368437941
2.0	0.20267592039783255
1.5	0.3830533323313776
2.0	1.487307344924894
2.0	1.978142343706056
2.0	1.695203327154753
1.5	1.763904034213041
1.0	0.8974120796963747
1.0	1.0161121736159813
1.5	1.901229538962368
2.0	4.447600372488921
2.0	1.768659361091022
2.0	-0.3576990160404465
2.0	2.411079856850508
2.0	3.468387539725542
1.0	2.031556761676293
1.0	1.4960936039189465
2.0	1.5043536486855533
1.0	1.3795561301872943
2.0	1.9184089136353002
2.0	1.8190596677492405
1.5	0.3867596159165989
1.5	1.64438590644919
1.5	2.1197423298459315
2.0	0.5037076768155597
1.5	0.45804444032118363
1.0	1.2999371041431487
1.5	1.367359349435514
2.0	1.8369298831989953
2.0	1.5482206148091087
2.0	3.8676084377975384
1.0	0.4514529792448856
1.0	0.491938875876871
1.0	0.7764294058070733
1.5	0.9904195865363278
2.0	1.1775030431911397
2.0	4.196004105027294
2.0	1.3165516932606187
2.0	2.0777504072998987
1.5	0.34624387502114273
1.5	1.7029120287522714
1.0	1.449391786371594
1.0	3.1655686158825995
2.0	2.8179950656445185
2.0	2.841485631980705
1.0	0.6126223331410521
1.5	1.0197540273510275
1.0	-0.5887948538962771
2.0	2.5497897319362335
1.0	-0.6299956591681384
1.0	1.0537184692076442
2.0	2.615820337191286
1.5	1.0862471955243804
2.0	2.2182456938151867
1.0	1.0026333091110837
1.0	3.2389964500073507
1.5	0.9587541373788353
1.5	2.043434791265765
1.5	2.574430041871689
2.0	2.5060113512373303
1.0	-0.11376530749303604
2.0	3.1988092561913652
2.0	4.172690082307023
1.0	-0.9609115578997298
2.0	2.05986402516312
2.0	1.887864853647622
1.0	0.2068610108000165
2.0	2.362908249410415
1.5	1.1405707776314213
2.0	1.3421879144707938
1.0	2.4901945760058712
1.5	2.257180010060756
1.0	1.5200888301886946
2.0	3.6206024631380656
1.0	-0.4232042088011323
1.0	0.21051545775217329
1.0	0.9886152100678168
2.0	0.6711259892841495
1.0	-0.2298751891305295
2.0	2.017888035003053
1.5	3.121636341414164
1.5	2.383137520989651
2.0	1.486513902766807
2.0	3.6007453747568183
2.0	1.727176793787759
2.0	2.8311690335980804
1.0	0.9062328472423848
1.0	0.5115679403408293
1.5	1.0985845993819663
1.0	0.7212801937135095
2.0	1.6881017812350414
1.0	1.4463409746026747
1.5	2.017095025389059
1.5	0.147468292095555
1.5	0.6340452900061607
1.0	-0.3875886892804885
1.5	-0.18497321145338508
2.0	2.303496921656698
2.0	2.3171966275799436
1.0	-0.0016794642457886866
1.5	0.7606937333015042
2.0	1.453510090333753
1.0	1.779375187681017
1.0	1.8950884940357522
1.5	2.0315158926323074
1.5	1.254855718931961
1.5	1.197662372015177
2.0	0.9293359163259933
1.5	4.316144966926609
2.0	3.7485710565622794
1.5	0.9369711016780413
2.0	1.2779911581810737
2.0	1.267937970010789
1.0	1.2345589115900057
1.0	-0.16330447461594355
2.0	1.5971622772302474
1.0	3.2300992778225286
1.5	2.5732494885432704
2.0	1.0032402789790809
1.5	0.942286693156581
1.0	1.3462402442097154
1.0	2.7126802673425967
2.0	1.9412091824901596
1.0	1.445696407467374
1.5	-0.7027163227108817
1.0	1.535436673118444
2.0	1.0345406753348079
1.0	1.9856066109690778
1.5	2.937250436225665
1.5	1.7092867611829408
2.0	0.6518240086710905
2.0	1.0724798747123283
2.0	0.25929096008446906
2.0	2.1221341017823647
2.0	0.5473575006177323
1.5	2.189161897963692
1.0	1.4419811075827895
1.5	1.9170737201323094
1.5	1.419526653114651
1.5	2.3305245479081975
2.0	1.6842313110620628
1.0	1.0043076775270374
2.0	2.3697454069267314
1.0	0.1276669272378913
1.0	2.0842079512889677
2.0	2.8642113806341323
1.0	0.6027745655094638
2.0	2.608645812401484
1.5	1.6024790303605294
2.0	1.4946736186219518
2.0	0.8361964753140247
1.0	1.778353621494551
1.5	2.3987771716435082
1.5	0.40927594333462536
1.0	1.0914004834087436
2.0	1.6245215067472643
1.0	-0.03032222288395947
1.5	1.3087682616185128
1.0	2.1197611466114337
1.0	1.3077153282889085
1.5	0.8226612663353511
1.0	-0.858507290023681
1.0	1.4442742285205332
2.0	1.9295050996265593
1.5	1.6418175681946574
1.0	0.4850757334738858
1.5	1.317038550561024
2.0	3.170697821407412
1.0	2.1339062534407587
2.0	2.5059625981716644
1.0	2.088727861424415
2.0	1.9111909881063742
1.0	0.570800588015193
1.5	-0.12606572648246583
1.5	1.1355100385926913
2.0	2.108423831671205
1.0	-0.06984514087805893
1.5	1.689417502323161
2.0	2.778214966864669
2.0	2.4990514505496897
1.5	2.040207899490169
1.5	0.2955753474755405
2.0	0.9092265784723348
1.0	0.6816828879448937
1.0	2.2890794027975367
1.0	2.207118286888867
1.0	1.3184409527138623
1.0	1.4830908006528944
1.5	1.3898789700985286
1.0	0.15430137850242098
1.5	0.3425973863983276
1.5	2.24660029200708
1.0	1.086381496009662
1.5	0.48064170851919075
1.5	1.6587890690138078
1.5	0.1278193299094783
2.0	2.8984505270931438
1.5	0.23163106226562347
1.0	-0.02097020482301648
1.0	2.0304468309727803
1.5	0.3999664592832688
1.5	0.30988440845165366
2.0	2.3191127140453136
1.5	0.8921311019485023
1.5	2.412857490924025
1.0	2.685293983891933
2.0	2.1641460629228373
1.0	2.234300800860258
2.0	2.5610733695298276
1.0	0.6729356840461034
1.0	0.4174291914928068
1.5	1.4827041469256486
2.0	2.2131941272651856
1.5	2.267107279996409
1.5	1.6729942662865136
1.5	2.819568212508578
1.0	0.9624743692795672
1.5	4.222600412149761
2.0	0.12860394068237402
2.0	0.5616806313815554
2.0	-0.3953355103906997
2.0	0.8836887493140857
1.0	1.61489308546673
2.0	1.2147290966316269
1.0	0.5794637607426103
2.0	1.5481702872894907
2.0	1.7426142647001877
2.0	2.4666336597328122
2.0	2.6329460602969017
1.5	1.4426940119779648
2.0	2.038757325851295
2.0	2.99913277738394
1.0	1.733847574506992
1.0	2.011361480234528
1.0	-0.1274894475910917
2.0	1.3963958439563833
1.5	-0.6131391214762059
1.0	1.7140904127817185
1.0	1.1181662020549332
2.0	2.223161163369713
2.0	3.0266764887382287
1.0	0.5069794524601012
1.5	-0.6683172889000857
2.0	2.851350446929897
1.5	0.5549231267603797
1.5	0.6280509658520043
2.0	0.4684629856560185
1.5	2.6009078790193065
1.0	1.1629129192588659
1.0	1.5252317085642457
1.0	0.7882900761534364
1.5	0.8117260409583408
2.0	2.2982516456517947
1.5	1.6556690122922002
1.5	-1.1231134880615463
1.0	1.4918875541013943
2.0	0.8231698454219134
1.5	1.976450426029935
1.5	0.574067358618933
1.0	2.458245720328768
1.0	1.3362140518370171
2.0	1.3567699355673488
1.0	1.7831188580767359
2.0	1.1484928854149055
1.0	2.936003347272816
1.5	1.4110555525014714
1.5	0.5620607890213917
1.5	-0.7246881788027228
2.0	2.2581150485935257
1.5	-0.5989631855750672
2.0	1.6720755288420974
2.0	2.0034118635577363
1.0	3.03215999075892
1.0	1.2652135764231982
2.0	1.3117028408170048
2.0	2.7416924647774685
1.0	0.8856788141942965
1.0	-0.30884519428481383
1.0	0.31356581831013863
2.0	1.3528883096070121
1.0	-0.2815206186366972
1.5	0.6081046268299101
1.5	2.6345347023580246
1.0	1.1074640430414353
1.0	-1.2715762940688182
1.0	1.1697305949735715
1.5	1.7864266784373577
1.0	0.4600014574503777
2.0	0.5532580987350528
2.0	2.799487542531725
1.0	0.1277969609885794
1.0	1.9709604230725308
1.0	0.5638916682529036
1.5	3.442417517130235
1.0	1.9571420422512005
2.0	2.0682279013956926
1.0	1.3820251557064713
2.0	2.155486075410888
2.0	2.175885777652866
2.0	3.248889902642345
1.0	1.472057419839869
2.0	2.6425471921894306
2.0	2.0025623722147348
1.5	1.2485741858307828
1.5	1.4779253701655397
1.0	-1.049521507206256
2.0	1.75464973731523
1.5	1.7981575579529467
1.5	1.757748442772445
1.5	0.6682993967815055
1.5	-0.788065638685091
1.5	1.8659602955716115
2.0	2.8112578732004243
1.0	2.0346829014078276
2.0	2.8366019435886716
2.0	2.220802366293971
1.0	1.4146524767776967
1.5	0.4542530708557029
2.0	2.0778490369112266
2.0	2.324520818390559
2.0	0.43815561529555436
1.5	2.815503009593028
1.5	0.46568282776059133
1.5	0.5133340903774981
2.0	3.097098972881159
1.5	-0.019787368413015205
1.5	1.2327005384754084
1.0	-0.05877287724437652
2.0	2.2882784167655936
2.0	1.6792974911573975
2.0	1.3688241692538685
1.0	-0.01852405332858864
1.0	0.1691889140325834
1.5	2.0053656606695647
1.0	2.8570321611071083
2.0	0.7714585387853685
1.5	0.3478516105625864
1.0	0.0709129086946676
2.0	0.9039887451609963
1.5	0.9601966360160724
2.0	0.13929119490241915
1.5	0.7085028845563016
1.0	1.4194898975944046
1.5	1.9891439800012414
1.5	0.6304259811769466
1.5	1.5782106443377435
1.0	1.0750642418673693
1.5	2.3918382489467387
2.0	3.3613383169851585
1.0	2.514177821159235
1.5	2.954817418566246
2.0	2.9128205242979512
1.5	2.322572911238897
1.5	2.039162013950665
1.0	1.4091839051445332
1.5	1.0295124251880337
1.0	0.9638762361195682
1.5	0.1806066462530176
2.0	2.2357567182495677
2.0	2.314399995942317
2.0	1.3751469148083029
1.5	0.4581182934441028
1.5	1.906028070491988
1.0	0.7304669235236052
2.0	1.4832790097638506
1.0	0.6560609575421588
1.0	1.6583108802012125
1.5	2.4863013263911107
2.0	1.2058417523116924
1.0	0.509528806004231
1.0	2.242439793565407
1.0	1.5732532867413116
1.0	1.506897300273435
1.0	0.684282070397513
1.5	1.502599624619945
2.0	0.08670382142850253
2.0	1.3180640233113134
1.0	0.9023410219009094
1.5	2.584162427186765
2.0	1.0067909627672957
1.0	2.2238293436032697
1.5	2.562206270136848
1.0	1.2158111233916664
1.5	0.9863718986878088
1.5	0.31480176973879814
2.0	3.874695886320386
1.0	1.551691560079266
1.5	2.5772174590076222
2.0	1.2167089631123051
2.0	2.4704539952940148
1.0	-0.6780201456225832
1.0	1.9310478005059135
1.0	2.5182657548612166
1.5	2.8612935700426094
1.5	1.753582081508865
1.5	2.1952671893136975
1.0	0.059284765480234536
1.5	-1.1910983646351534
2.0	2.754044221095051
2.0	2.536588099935627
1.0	2.6698034332890925
2.0	2.3253305458613807
2.0	3.056863109853644
2.0	0.4661583705303849
1.5	0.0708988542745077
2.0	1.719978766414481
1.5	2.3662005631902305
2.0	3.488828772398417
1.0	2.35587657875603
2.0	-0.4187487240708876
1.0	1.918674342501039
1.5	1.1012061463105707
2.0	2.2466133031855042
1.0	1.364714963547264
2.0	2.0671512520664344
1.5	2.240576625259814
1.5	0.5325610411234548
1.5	2.297897762465176
1.0	-0.052436886772759594
1.5	0.15894506501639394
1.5	2.0737764268232532
2.0	3.7278271178741704
1.0	-0.549235907305333
1.0	2.5296146439147336
1.0	1.9629118838218944
1.5	1.8896918504227485
1.0	2.1213004779072966
2.0	1.9528385663914
2.0	2.0932841708678227
1.5	1.2759382258148555
1.5	1.0832419446510904
2.0	0.6605401626336804
2.0	2.10408565225148
1.5	1.4050691886154978
1.0	-0.9237561768202274
2.0	1.233575552161294
2.0	1.6222405181100783
2.0	2.368483684023484
2.0	2.755963863385786
1.0	0.6726226701434217
1.0	1.5759058621444986
2.0	2.2519415686310054
1.0	0.6818516496199623
1.5	2.578309719835419
1.0	1.0955859011778148
1.0	1.7668073981906887
1.5	1.7440411518229528
1.0	1.3673186840493907
1.5	1.4237154956559521
1.5	2.8589003551814813
2.0	0.39200211635934545
1.0	0.7819724163591718
1.0	0.07328439342617765
1.5	1.0944745737933212
1.0	2.060940169280258
2.0	2.5640528583052156
1.5	0.41235236491806004
2.0	1.1073817200034997
2.0	3.3269059729940884
1.5	1.454097892551471
1.0	1.4613693040764284
1.0	2.3824420578711463
1.0	1.7921522012338267
2.0	1.6283432935430002
1.5	1.9581508529960543
2.0	1.0291500438185088
2.0	4.599708501246767
2.0	-0.015983587008600253
1.0	-0.16226130056884647
1.0	1.8407717466998599
1.0	1.0790584206037332
2.0	0.5050632495121274
1.0	2.217966963272244
1.5	1.7429125138607764
2.0	3.2062527558622094
1.0	-0.41208357363525105
1.5	1.5704963943967212
1.0	3.04431225388615
1.0	1.9711536791817954
1.0	-0.05833100504129418
2.0	1.5100849891092625
2.0	1.0787878166142177
1.5	1.743940513069973
1.0	0.35010465554110304
1.0	1.5596788869844957
2.0	0.7159553848752016
1.5	1.5211426351622206
1.0	0.568229978749357
1.0	0.7531988669321511
1.0	0.2328736243278423
2.0	1.737240297746676
1.5	2.3284539167985887
2.0	0.5343185837916469
1.0	2.0579724282578225
1.0	2.4478253244181962
1.0	0.4658358943164347
1.5	2.027227151232742
1.5	3.1891344260123304
2.0	1.0475061267878114
1.5	3.4205482714619935
1.0	1.2232032299764894
2.0	0.7425354340398693
2.0	1.5889522611842632
2.0	2.142900565757655
1.0	2.467577466780848
1.0	1.099257663182876
1.5	0.7558730759447622
1.0	-0.18019339201555873
1.5	0.9431503525505437
1.0	3.027647489768999
2.0	1.0794430004576885
2.0	2.522481380284408
2.0	2.4037755303447956
1.0	2.1495454380242784
1.0	0.9110015291475239
2.0	2.8276145736128746
2.0	2.0286794471547323
1.0	1.9021115035009521
2.0	1.428293587065773
1.0	3.3540950406612238
1.5	0.7612710769878799
1.5	3.921021969842457
2.0	2.1827617372431636
1.0	2.8645576447089693
2.0	1.23079166535662
1.5	1.8069867382425313
1.0	0.8645390256419496
1.0	1.4299690070700941
2.0	3.229383684568093
1.0	1.5178403521010524
1.5	1.6799365104985151
2.0	0.280352927898482
1.0	1.2063032972719567
1.0	0.1363919246349471
2.0	4.303027149369857
1.0	-0.46161436508662734
1.0	0.8720134666552103
2.0	2.149512658168517
1.5	1.9637877441893288
1.5	1.4806126465173728
1.5	2.9788258025104852
1.0	0.9801287014775859
1.0	-0.34509862082737497
2.0	0.9475370469559707
2.0	1.1468228155456206
1.0	1.981793134744644
2.0	2.215819357618661
1.0	1.802377167824623
1.5	2.3678551874754232
1.0	2.2866827048667715
2.0	0.47152982189652426
1.5	1.5299773046458218
1.0	0.5426656594538072
1.0	-1.3699651762794653
1.0	0.6996992780668685
2.0	-0.19999705252695454
2.0	3.4592307349511513
1.5	1.800619345699673
1.5	2.603911396922215
1.0	0.2177963134309404
1.0	0.5771209299958284
2.0	0.2599664188779005
1.5	1.1913985732435433
2.0	1.3950615766697039
1.0	1.935933157044226
1.5	1.8759637857407583
1.5	0.2760133223617365
1.0	-0.12466737318071752
1.0	2.558676508194671
2.0	2.724878318367349
2.0	3.5266748083627837
1.0	0.5811577586154103
1.0	2.387628069748076
1.5	2.045549690911805
2.0	1.814508986418963
2.0	2.0835075421883076
1.5	0.8362718686515576
1.5	0.5731134239819959
2.0	3.314736730714449
1.0	1.8200797424595971
2.0	2.1707299181571207
1.5	2.0196178153827553
2.0	2.078509200133912
1.0	0.5001512676328181
1.5	-0.2988524426916437
1.0	1.3762486296081213
1.5	1.611122585328286
2.0	4.089058302982442
1.5	2.4153127703470383
1.5	1.8204171131894693
1.5	-1.0421061161987306
2.0	2.2753906746309345
1.5	2.1794139490894326
1.5	1.2213083560570173
1.5	0.7311618535695859
1.5	2.5875959888486317
1.0	1.5943810750766312
2.0	1.540898012398422
1.0	0.160545790273397
1.0	2.3460445198836277
2.0	1.72550886083839
2.0	4.344374643475277
2.0	2.2596136424659465
1.0	1.5375142205066115
1.5	1.100501298086035
1.0	0.8637152468807392
1.0	0.8618993324383447
2.0	2.1370411190131136
1.5	1.4258486268394208
2.0	2.551935708752076
2.0	1.6981060053479586
2.0	2.404545851730042
2.0	1.4413835426598294
2.0	1.460445243666772
2.0	0.8721044791567691
1.5	0.41968371973885166
1.5	0.9827037034000987
1.0	0.7917175611479734
1.5	1.9642970971514206
1.0	0.27748852038449356
2.0	1.0053480828948913
1.0	1.1363553819991872
2.0	2.8979218994799156
1.5	2.4633758057853066
1.0	0.26066855685249735
2.0	0.06492311941420792
1.5	1.098261958638827
1.0	2.380006844536408
2.0	2.4347734946446065
2.0	1.1583376404349344
1.0	1.4828050107167456
2.0	2.6395137293966835
1.5	2.5488541458450147
1.0	0.3707226797117461
1.0	1.053438514884347
1.5	0.3059211260613106
1.5	0.5229556283420357
1.5	1.8805986469904938
1.5	1.735057317225035
1.0	1.2092366101562475
1.0	1.3511400036697623
1.5	1.0653867634959855
2.0	1.3424377134398073
2.0	2.0475203318584096
1.0	-0.5297621056402715
1.5	3.3159955386960833
1.0	3.749916762568236
2.0	1.8611738962860152
2.0	2.9959372102315047
1.5	1.2016663988746563
1.5	-0.1446127111227853
1.0	-0.07772995299929031
2.0	1.8500284260576363
1.0	-1.3998942530522966
1.5	1.0810221584090347
1.0	2.470304860217155
1.5	3.012857190536673
1.0	1.4425449419718697
2.0	3.231505617998466
1.5	1.1660130417926882
1.0	0.21253670985915152
1.0	1.2560468775719718
1.0	0.9390636067360718
1.5	1.459124009548437
1.0	1.5046953755734938
1.5	1.2720996404836125
1.5	1.3767413077156083
1.5	1.3363844969663312
1.0	-0.5651418612468715
1.5	1.2394671738437713
1.5	2.3105653418296868
1.5	0.6939898548872101
1.5	0.6055265683379039
1.0	1.033128437371971
2.0	0.744397358064804
1.5	1.0464733361919518
2.0	0.1670779544539407
2.0	2.138904109345299
2.0	0.9633100564049173
1.0	1.573711871925927
2.0	1.5816010752400613
2.0	2.9134148370117026
1.0	0.8588364286730354
2.0	2.734347375314818
1.5	2.8600220691791725
2.0	1.780982715051941
2.0	1.7043580637511622
1.0	2.0047989190375137
1.5	1.0136404485601611
1.5	3.1745609706750715
2.0	2.4857335367275253
2.0	2.2148869362259442
1.0	1.4690618396584765
1.5	2.0230614297080507
2.0	3.7887783752466477
1.0	0.808218168520031
2.0	0.9986774612984843
1.5	2.839518881470963
1.5	2.14889029247497
2.0	1.9764015175713334
2.0	1.956355085849298
2.0	3.321251613720012
2.0	1.1619631440708234
2.0	2.8613644720924443
2.0	1.705130211484689
1.0	0.3853079421693507
1.5	2.086855819369802
2.0	2.63200753797234
1.0	2.1120407853270464
1.0	0.8322863601804712
2.0	3.2316776534179827
2.0	0.607782443324596
2.0	2.34217357352805
1.0	3.2632515467437786
1.5	-0.1686674265112944
2.0	2.5508581935937995
1.0	2.8397384789661997
1.5	2.876519843514319
2.0	1.8823880575413674
2.0	2.0861557728527704
1.0	0.6696942354110149
1.0	0.8443011451188694
2.0	1.4086483472811997
1.5	0.540440740753256
1.5	1.4463940150627397
1.5	1.244342347593486
1.5	1.6108700446451365
1.5	2.6210206701578516
1.0	2.624403593760655
2.0	1.9771049126493612
1.5	0.864565328548382
1.5	1.3991624671108158
1.0	0.10830161160032437
1.0	2.1362813474350895
1.5	2.3564373595970607
1.5	0.13285915803238413
1.5	1.1192381320028746
1.0	1.7571273934835907
2.0	1.736900985276438
1.0	1.4149205773436004
1.0	2.877563726407588
1.0	0.8997022599615118
2.0	-0.3989793282220808
2.0	1.1305467947218608
1.0	0.17237320564328307
1.5	0.7308675362386243
1.5	0.41003049766432853
2.0	-0.12760201213771927
1.5	0.1718981737187535
2.0	0.7641010682364937
2.0	0.6211442227725341
1.5	1.5989621086053967
1.0	-1.0085084789054588
2.0	2.6599078514518215
1.5	1.3853768431280873
1.0	1.9417623884254875
1.5	0.9177671576063503
2.0	1.8131421543139778
1.0	-1.1207816517782754
2.0	3.0428989026686333
2.0	2.1129434712361777
1.5	2.7599631898879746
1.0	3.1180035011120544
1.5	3.437957492452659
1.0	0.944533584782736
1.0	0.2505533086473296
1.5	1.4255300010960559
1.0	0.5428972050639462
2.0	2.157891361653115
1.0	0.5957662972623908
2.0	2.420947863743501
1.0	0.5876716207388095
1.5	2.2979677580284106
1.0	-0.5517205159940606
2.0	0.0030068295349106045
1.0	0.3244299250534406
1.5	4.127922700855811
1.0	0.0016010578395645458
1.0	1.5709995719466563
1.0	-2.205602351182657
1.0	0.6054571567549161
1.5	0.36657193503413565
2.0	-0.10758914957965304
1.0	0.5339580863164557
1.0	1.146205390171275
1.5	0.8956774270001875
2.0	3.1083884151255248
1.5	2.8516807529148034
1.5	2.6742210026482356
1.0	0.2949362397684723
1.5	2.1732359902289184
2.0	1.9442563242924649
1.0	0.03612972011424487
1.0	1.0318285077238154
1.0	1.1886801489908394
1.0	0.2967250893889305
2.0	2.861323931290054
1.0	0.13793830509242067
2.0	0.1396964636146476
2.0	2.895867454047112
1.5	-0.029960037547039242
2.0	2.643278923643116
1.0	1.149936516314202
2.0	1.4097325270519154
1.0	0.22485538003552186
1.5	2.313152214972033
1.5	1.225253307493173
1.0	0.8883878068506705
1.5	1.5615559075594223
2.0	1.4006978121216944
1.0	0.8158035038187066
1.5	0.5815739147719546
1.0	1.0674435261575166
1.5	2.364101984406074
1.5	0.7548127520556311
1.5	0.8090958320810152
2.0	2.09696907607499
1.0	0.7525809781857862
2.0	1.7813945724184672
1.0	0.7223791701299302
1.0	-0.09928240910447417
1.5	1.2744569315324776
1.0	0.8456582796548824
1.0	0.5585578983193933
1.0	1.3627008112684567
2.0	1.9040032204480508
2.0	2.24274025630494
1.5	2.0723439289895245
2.0	2.224953396371047
2.0	5.431450538862918
1.0	2.4781943301345892
2.0	2.401530949553335
1.0	0.7834638043313857
1.0	-0.46125671297627635
1.5	1.6854626988943515
1.5	0.5701662406732411
1.5	1.4936999596447889
2.0	3.178863173630918
1.0	1.235588008021689
2.0	2.377612935102509
1.5	-0.04167930064264569
1.5	0.9420067895932569
1.5	0.07250609003294128
1.5	1.3534938530847826
2.0	2.306780334934913
1.5	1.4539875844351198
1.5	0.28509743758183825
1.5	1.8261194265362544
2.0	1.4842683499775888
1.0	-0.04168394271691711
1.0	3.277900689252082
2.0	2.5588270827843873
1.0	1.2650646340872753
2.0	1.685481701714992
2.0	1.4251786127190291
1.5	0.6099120916876364
1.5	1.174291664227745
1.5	1.1830603646816933
2.0	1.2960890542280812
1.0	2.2041886884697726
1.5	3.3033522047559662
2.0	2.151697591155762
1.5	1.6552883408015313
1.5	3.098798957313874
1.5	0.24497297409783592
1.5	1.6937428592535129
2.0	2.2751782463992525
2.0	1.9557881751138908
1.0	0.3425738438580129
2.0	3.5957578496861675
1.0	1.649346857003121
1.0	0.4508967089009257
1.5	0.4862052139735096
2.0	2.1526564016659084
1.5	1.991988202717008
2.0	3.1065632831973424
1.0	2.047003093031143
1.5	3.145383580724641
1.5	1.53321786485302
1.5	2.5422755351534603
1.5	0.22285852189249322
1.0	1.0287020605190262
2.0	2.821564477019357
2.0	1.3773568898542872
2.0	0.412496833020467
1.5	2.3788580749695543
1.5	1.9269306075803365
1.0	1.7786119836085126
2.0	2.2732334309475997
1.5	1.109182539544745
1.0	0.5811806999013618
1.5	2.2699042328910384
1.5	2.4825803662765633
1.5	-0.8358614106469089
1.5	0.35270840060882125
1.0	1.299533321166869
1.0	0.7809807454017932
2.0	2.1552357874606867
1.0	1.3361198730236723
1.5	2.786440730970805
1.5	1.033949654348116
1.0	1.9965446918305445
1.0	1.4684820482315697
1.0	1.204236811437546
1.5	2.6340419728531144
1.0	0.46413082174405074
1.0	0.4286600003710689
1.5	2.013241273150255
1.0	1.0812627362132012
2.0	2.7741902752012932
2.0	-0.2546105392605549
1.5	2.6881442871647545
2.0	2.3110073580341686
1.0	0.8101208277028128
2.0	2.942273731653652
2.0	1.6242645487896004
1.0	0.05801768408857555
2.0	1.7444705830287093
1.0	2.7232000846546347
2.0	1.3719844173245428
1.5	1.079673105314071
1.5	2.6320977554019445
1.0	1.4847244104784563
2.0	3.3474911787849972
2.0	2.5875606577289876
1.0	0.947292508157459
1.5	2.7307620994949584
2.0	-0.0158531374621127
1.0	-0.2643764018806871
1.0	0.3674160190965007
1.5	1.5675199629545977
1.5	1.0379808926803946
2.0	0.8441487368609619
1.5	2.3786774276714935
1.0	0.8329309381606598
1.0	1.9211891538321904
1.5	0.6433747742293762
2.0	1.9838663564301469
1.5	1.542834319697801
1.0	1.0575835732416943
2.0	1.5178522565203103
1.5	1.1466893504527291
1.0	1.0824098237047988
2.0	1.0383833086421062
2.0	2.7367347741675507
1.5	2.8586081391323406
2.0	2.5156171234427664
2.0	1.4016231235029364
1.5	0.38190105654345197
1.0	1.619275611704575
2.0	2.771429732879982
2.0	1.4777016641160707
2.0	2.5925425198277807
1.0	2.1240914065797307
1.0	0.5029003366091819
2.0	2.9283503676916283
1.5	0.7030290601190151
1.0	2.352243896637173
2.0	3.7227725971477175
2.0	1.94343868404472
2.0	2.8832124177494
2.0	3.612938471102813
1.0	0.471403505610816
1.0	1.9020924323437216
2.0	2.0096694295062383
1.0	1.3362211217374038
1.5	0.14325479267240127
1.5	0.09292889637552948
1.5	0.6944097539570441
1.5	1.2403096420921225
1.0	2.075376249988983
1.0	0.7238104714281519
1.0	0.3829378059312687
1.5	1.5469803431647495
2.0	3.2047262166897235
1.0	0.4066437603864894
2.0	2.6950588880649957
2.0	1.8345841069783346
1.0	-0.896626138534649
1.0	0.9167589793756623
2.0	1.4864347924569228
1.0	-1.065502330623835
1.0	2.3064130880284432
1.5	-0.2223243059924629
1.0	1.6703590157018233
1.0	2.1085580130970376
1.0	1.7025105122805089
1.0	0.17104658618751434
2.0	2.848644025862778
2.0	1.7602457270158856
2.0	2.709590677085949
1.0	0.3973998961972137
1.5	1.2226876389941455
1.5	-1.243175965312441
1.5	0.8061117140525206
1.0	0.04929278856807984
1.5	1.5130390377168688
1.0	1.3994081786284278
1.5	2.2156142519731636
2.0	2.004372713248134
1.0	0.6671179199084288
1.5	1.4846498722188435
1.0	2.527184824724354
1.5	2.7917430794531417
2.0	2.125358887635625
2.0	0.23629489021055994
1.5	3.3777069561925783
1.0	0.3464194558434329
1.5	3.378176403167182
2.0	1.160483934626328
1.0	3.0975682705029906
2.0	2.4524665827076007
1.5	1.1318576074175293
2.0	0.09266046962043761
2.0	1.6208875913974734
1.5	1.3360137232087594
1.0	2.6193612078855217
2.0	0.5160530820187419
1.5	2.9704685243948195
1.0	2.2343423141218532
1.5	2.322970091666512
2.0	1.9934688774931217
1.0	2.2248009456414692
1.5	2.9592276874896815
1.0	2.529658833393163
1.5	0.3337802697338945
1.5	2.508831194128682
1.5	3.922275064112958
1.5	0.7609273295672133
1.5	1.4638111764350725
2.0	2.504292863956035
2.0	2.0152243800482954
2.0	0.9912529141488744
1.0	0.7723214355154263
1.5	0.6117382482518182
1.5	0.7748287325842194
1.0	1.4938576103981243
2.0	-0.35137426622599
2.0	2.2956920035338197
1.5	1.4075671028797607
2.0	2.388880534141133
1.5	0.8222002449030703
2.0	1.5731082086260606
1.5	0.8979432821974479
1.0	2.1766934090430823
1.0	-0.07065205492935034
1.0	0.5645156027571079
1.0	1.5166587241862595
1.0	2.1221451794489194
1.0	2.0430620935053865
2.0	2.407264361202098
1.0	0.5213018522296384
2.0	2.914037702716076
1.5	1.9423912230378795
1.5	0.6785607219528521
1.0	0.7237283443550317
1.5	2.27308005838439
2.0	2.1297902989137527
2.0	1.8912812927341027
1.0	0.3425526956688034
1.0	0.10845857717204899
1.0	-0.208822108259477
1.5	1.5166864707440442
1.0	0.48529968735041396
1.0	1.7097199456604606
1.5	1.0778114857419574
2.0	1.4571429933700566
1.0	2.1037653219536074
2.0	-0.8831597741395889
1.0	1.9818970543075594
1.0	3.6103429088744052
2.0	3.0905744270423776
1.5	2.9782690306096127
2.0	3.1310750479527827
1.0	0.7537529897075202
2.0	3.2869256143786614
1.5	1.790745889330053
1.0	1.9157082292552046
2.0	2.1093050848638777
1.0	1.6627512871676884
2.0	1.824509948079462
1.0	1.7693045383779407
1.5	2.867898962848897
1.0	2.666916631859909
1.5	1.2798102893212224
1.5	1.412448983434927
2.0	1.9538156186518918
2.0	0.866539956245266
2.0	2.7832130480380957
1.0	2.361015436740514
1.0	1.4993571561968995
2.0	0.8286587967954913
1.5	1.860365899884747
2.0	2.3625329860815865
2.0	0.71313977498208
1.0	2.661401484173715
1.5	1.3530878634276908
2.0	1.4945698282887085
2.0	4.285598137127576
1.0	-1.3429896339050038
2.0	1.4100641924456214
1.0	1.2653522547732075
2.0	2.478563431096286
2.0	2.7376611501439148
1.0	0.7874132968750438
1.0	1.2475109214689886
2.0	1.5169808872468633
2.0	1.5632638141654225
2.0	0.2492652114749132
1.0	0.12531859503224807
1.0	1.1024113452040667
1.5	1.3608532312179686
1.5	1.6948841884553392
2.0	1.5574951647739765
1.5	1.3518510000620059
1.0	1.3906194630325674
2.0	2.5318457700089727
1.5	2.425285662972373
2.0	2.0881681385528275
2.0	4.228730390171723
2.0	2.596838808098097
2.0	1.266787568016098
1.5	1.8774213494555152
2.0	-0.05247121073260441
1.5	1.6426112691056942
2.0	0.906712077961404
2.0	1.1036129814920308
2.0	0.1460590577032017
1.0	1.493770003233807
1.0	0.2534621105391822
1.5	-0.5353318296136078
1.0	0.868859563067778
1.0	0.5067074779341956
1.5	2.1601395186580046
1.5	1.237890981517854
2.0	1.7390844298604144
1.5	0.5581280668403409
1.0	1.363674577444336
1.5	2.7715473697143134
1.0	0.5416421276392863
1.0	-0.09979652392375349
1.0	0.540488122558239
2.0	2.5421706366265164
2.0	1.9363956828565267
2.0	2.092728336531844
1.5	2.3927506227880686
2.0	1.254619518051952
1.0	-0.8074061939436414
2.0	2.2942020405186248
1.0	1.607038384506846
1.0	1.1776999724745496
2.0	2.130148229347704
1.0	1.0244690661991809
1.5	1.7576136539589464
1.5	1.9744661813846687
1.5	2.7419000248604943
2.0	2.330852814105276
1.5	0.8805821204210487
1.5	1.582383789145068
2.0	4.31388109748547
2.0	1.9383868133929265
2.0	0.22030078182772983
1.5	2.229065302628289
1.5	0.9021342158949619
1.5	2.75777726051071
1.5	3.255833733055512
1.0	1.6437366177331252
1.5	1.029992871714276
1.0	-0.2350893243179928
2.0	2.524815171323175
1.5	1.3200082864335798
1.5	2.095633488685485
2.0	4.43570245493834
2.0	-0.27474536715171327
1.5	2.166181027650928
1.0	0.39723868072258717
1.5	2.163917567683407
1.5	1.658218133532842
2.0	2.5553270275528703
2.0	2.6989645152435733
1.5	3.4620797988080216
1.0	1.242538450543237
1.0	0.06829666614738727
1.5	0.15477287406968387
1.5	-0.7167635458279782
2.0	3.934754236647338
1.5	2.5205383660364813
2.0	3.649480159335819
1.0	0.9731516877492165
2.0	2.2200754234551274
1.0	-0.07555664943579687
1.0	-0.35096585936957303
1.0	2.7124247674514788
1.0	1.840836135196456
2.0	3.488107251672305
1.5	0.5782953244273514
2.0	3.3006007162963105
1.5	1.8317774256986905
1.5	2.223514930157166
1.5	1.445213918051209
2.0	2.9313877283856766
2.0	0.4246894519326292
1.5	1.5798432536352245
2.0	3.3999472323198554
1.0	1.3077851916212528
2.0	2.5045914469031088
1.0	1.4540654880824815
2.0	0.9699578371357105
2.0	1.6225622901938621
1.0	1.187252822321594
1.5	1.5115875231148597
1.0	1.2646688909702528
1.0	-0.05233428347061908
1.0	0.7354540559274402
1.5	0.6098881933449489
1.0	2.015433995665351
1.5	0.3749527389982732
2.0	1.707151744025499
2.0	1.0960489934258937
2.0	0.24395031872067707
2.0	2.736605676334592
1.5	0.6771593744026443
2.0	2.9566425065327926
1.0	0.4347608582056425
2.0	2.3917144985612424
1.0	1.0079241498709113
1.0	0.7308535972812273
2.0	2.4774631410479437
2.0	-0.5755380028200561
2.0	1.3202640645901091
2.0	3.7440136403762496
1.0	0.5941892528831196
1.0	0.13214608890584711
1.0	0.08023901439558034
1.0	-0.27810542286328177
1.0	0.32314994966729527
1.5	0.863382906631655
1.5	2.334998123142303
1.5	0.9786516816259163
2.0	2.111884008171369
1.0	0.7858498417785151
1.0	-0.7836167556020552
1.5	1.6440000104579717
2.0	2.8117067266163227
1.0	1.9045303016964115
1.5	0.8093638819475679
1.5	0.7071205368301159
2.0	-1.1447972517105556
1.0	1.0334152336811189
2.0	1.4329393456271933
1.0	1.0846795217286598
1.5	-0.7915039441003504
1.0	1.085947396974246
2.0	1.9228868697757189
2.0	2.6620667463645393
2.0	0.9295672671897957
1.5	3.1135245535099925
1.5	2.132014100392173
2.0	3.09504047515527
1.5	1.2055362483134733
1.0	1.161313477317938
2.0	2.7972875180056285
1.5	2.2293783083187666
1.0	1.8984293278427824
2.0	2.827002496498966
2.0	-3.268575201627044E-4
1.5	2.986642828478634
2.0	0.7015270635551782
1.0	0.4306986258882123
1.5	0.5659106747438589
1.0	1.3871000905716098
1.0	2.300963111280972
2.0	3.3711557947248885
2.0	1.9710816573994587
2.0	2.556755761580575
2.0	1.9352527330799467
1.5	2.0135744998899563
1.0	-0.5930503739391768
1.0	3.156894324184026
2.0	2.493556504727599
1.0	2.8079601614427925
1.5	0.9103131324917413
1.5	0.9337892900051386
1.5	0.6227271062271289
1.0	1.5975628820309318
1.0	0.9714062790090904
1.5	2.0783977303582613
2.0	1.3808160775567349
1.5	1.8419201482118988
1.0	2.971406641636399
1.5	2.362497353523957
1.5	2.716227426170638
2.0	1.804325809203702
1.0	2.161546244392884
1.5	1.7470959324402857
1.5	1.9447189576407675
2.0	1.0978858642602158
1.0	0.8303251358126098
2.0	3.053529527609398
2.0	0.5898756236712885
1.0	0.8176548521794966
2.0	2.819283434080101
1.5	1.7013035171329458
1.5	1.9696942740204733
1.5	0.7892895728490891
1.5	2.9799386908649064
1.5	2.0342568107370163
1.5	0.401244937673108
1.5	1.5650999010141868
1.0	-1.4114302032880746
2.0	3.252184256287814
1.5	1.2582202607447823
1.5	1.4959645130551518
1.0	-0.6856486108765167
1.5	-0.7707517098947778
1.0	-0.7610225698457784
2.0	1.3408256149833364
1.0	0.4967343403753429
1.5	0.5531214697466659
1.0	2.0993914677201313
1.5	2.8820312092521467
1.0	-0.02116315190960627
1.5	2.585840176666653
1.0	0.9650820283023029
1.5	-0.6791767874360981
2.0	3.0544182219345353
1.0	1.3850023017254864
1.0	0.97026574919342
2.0	1.870151020251543
1.0	2.367946660614898
1.5	3.4664487361026377
1.0	-0.2922707817984873
2.0	2.3983805782371963
1.0	1.7241470215289132
1.0	1.559514358960105
1.5	2.117476318228382
1.5	1.8956574018516466
1.0	1.1292705603415443
1.0	2.163549127856876
2.0	2.3013228909475827
1.5	3.245483879037512
2.0	1.6250144913725366
1.5	0.2627330438108566
1.5	0.17045190442133018
1.5	2.9638519062466226
1.0	-0.22089550430375593
1.5	1.113523886777089
1.0	-0.11786707065047053
1.5	1.9290802398526112
1.0	-0.7065046714249485
1.0	2.2012658634073317
2.0	1.892503095929183
2.0	0.26958301195470646
2.0	0.6115355489971095
1.5	0.3032607833185157
1.0	1.5011848272859956
1.0	1.5613059397830247
1.0	0.753936817168011
1.5	2.5676720469909
1.5	0.4000574213591266
1.5	1.515976993339369
2.0	1.894489471464715
2.0	4.291676599375934
2.0	2.0970291333500315
1.5	1.8250621471356951
1.0	3.482242389336701
1.5	1.9891060353890322
2.0	1.665240527336917
1.5	0.884269583704596
1.5	4.026998346878201
1.5	-0.10000064495855998
1.0	-0.5409618797933602
2.0	-0.4963436813115889
1.5	2.7358454277464
1.0	0.782719784835441
1.5	-0.06825403701723531
2.0	2.7885369283211103
1.0	0.3518627003383049
2.0	0.4342961065201263
2.0	4.133514215541015
1.0	2.037119569315872
1.5	2.8833886309396775
2.0	2.0340827835033393
1.0	1.0434325455991313
1.0	1.2367760163972563
1.5	1.3692285810902205
2.0	0.7888274390152663
2.0	1.7057622027355892
1.0	0.3327284417074792
1.0	-1.163060735045145
1.5	2.5914314783922174
2.0	1.2339752706401792
2.0	2.631830173798583
1.5	1.302766535913301
2.0	4.565727694768807
2.0	1.2090334627012667
1.5	1.4125907633168164
1.5	0.7682614401498075
2.0	1.5345936327119878
2.0	3.809253891562461
1.0	0.6733730004846279
1.5	2.3692178112472475
1.0	-0.13725026244055605
2.0	2.8406052710844856
1.5	2.1012303320128454
2.0	1.702796060315603
1.5	0.4555132013413261
1.5	0.5049965715863822
2.0	3.454534022905915
1.0	1.1286777175506695
2.0	1.6352409762417763
1.5	2.6141784118831026
1.0	1.3502527366480834
2.0	3.0549844426231343
2.0	2.4221188666586224
2.0	2.5334766574987064
1.5	0.6693245626013076
2.0	-0.3147997752390661
2.0	3.0330423436470353
2.0	1.2128927438458978
2.0	3.7221835499773093
2.0	2.3166270439359953
1.0	2.1694854482163235
1.5	1.2047946740510156
2.0	1.617869060940016
1.5	0.7706120044301481
1.0	0.51060821094761
1.5	2.4641385251341084
1.5	1.643792015103738
1.0	1.2978439322847943
1.0	-0.09761905122381642
2.0	0.4163062497741761
1.0	1.6191610865667974
2.0	3.0500968166463878
2.0	1.9575583970897956
1.0	1.2415383370741075
2.0	-0.5427144845079104
2.0	2.221413215823661
1.0	2.8143847540428273
1.0	0.23066766922439763
2.0	1.4656916763889059
1.0	0.7770147884982449
2.0	3.544379015900131
2.0	1.2935387528900741
2.0	0.631285197128501
1.5	0.3586081408716444
2.0	-0.93769042735213
1.5	1.7912179820830127
1.0	2.253849232320249
1.0	2.116510522170394
2.0	1.3705669303277745
2.0	1.6977280987983527
2.0	2.1680969728897486
2.0	-0.08012885452792107
1.0	1.32231493234958
1.0	1.3055589279572613
1.0	1.7634386095049357
2.0	3.001368592880434
1.0	-0.05212322223371335
1.0	3.233322308594463
2.0	0.6410215891245781
1.5	1.0488676030518447
1.5	0.459881803202858
1.5	2.358052798774168
2.0	1.079998934680258
1.5	1.3175212706697403
1.5	0.65555599580397
1.5	1.728305781141566
1.5	0.9574497203627551
1.5	0.49719437026596314
1.0	0.43640509792048465
1.0	1.2429928542786561
1.0	1.6662189219796257
2.0	1.8190170167734672
2.0	1.7870837167928728
2.0	0.9614828095538244
1.5	1.7870593311728034
1.0	1.8636023264695167
1.0	0.6766482624215652
1.0	2.308858725283722
1.0	2.988262118063639
1.5	1.6508101549910061
2.0	0.5453545635764336
1.5	3.158225308468702
1.0	1.2734546841770702
1.0	3.6373367160685826
1.5	1.5725792525618045
1.5	1.7404569353002368
2.0	0.5718796449625698
1.5	2.518530202581797
1.5	3.2466404610612827
1.0	1.4667831171770578
1.5	0.7500674762484876
1.5	0.5148799802672734
2.0	2.0704339510966676
1.5	-0.13609215621545334
1.5	-0.016681314588220753
2.0	2.4274160095662682
1.0	1.3661257762025254
1.0	0.10980185481375748
2.0	2.095537426035724
2.0	2.4550505920378534
2.0	1.6709732782801034
2.0	3.2910223714266698
1.5	2.233655951944331
1.0	1.1595765261048923
1.5	1.850474978243676
1.0	0.4382646733526767
1.5	3.5522559775621283
1.0	1.64501745350129
1.0	-0.41872295599500764
2.0	3.8752177179657403
1.0	0.4376373275318225
1.5	0.8855636430364234
2.0	2.577262939650924
1.5	0.41219508692573936
1.0	2.9058944079387414
1.0	0.4301328335307123
1.0	0.5199047898413836
1.5	2.452632290869164
1.0	2.530083033261642
2.0	1.9865764092235936
1.5	0.22806026941968804
2.0	2.4363185749783867
2.0	1.311586730177733
1.0	0.5268268194938208
1.0	1.9947345145908675
1.5	1.0600698576020582
1.5	3.9511454101331127
2.0	0.6114388072705668
2.0	2.601115490231631
1.0	0.6567502766744884
2.0	1.7979692350536465
1.5	2.379747796333114
1.5	1.3279419060107607
1.5	1.8902308764720308
1.0	1.436000405913887
2.0	1.7878140544757544
1.5	1.332495647754139
1.0	0.9273372900361173
1.0	1.163709009821275
1.5	2.622515790726732
1.5	1.647466119136138
1.0	0.29402403445602965
2.0	2.689343985545233
1.0	-0.17734623308420794
2.0	1.8756303860693222
1.0	0.3305871129153023
1.5	3.025804605047788
1.0	2.369143640844187
1.5	1.346021393884403
2.0	1.616426352455347
1.5	1.2564225471811228
1.5	1.835965618453787
2.0	3.1821283370446967
1.5	2.778863985118279
2.0	1.654795139043931
2.0	2.4805172609465846
1.0	0.32006780847184924
1.5	1.2934020534327186
1.5	1.4556249486983657
1.0	1.4941173029494927
1.0	1.2065083057972505
1.5	-0.42855929774277524
2.0	-0.37182586992470323
1.5	3.4670885138685454
1.5	1.4711192763776306
1.0	1.0415019398799963
1.5	1.347473454792446
1.5	3.525506866503187
1.0	1.1979473871747859
1.0	1.7169105961262465
1.0	1.3696863860915747
2.0	2.629013254858229
1.0	2.479739404219912
1.5	0.31038022691873945
1.0	0.5746741715920464
2.0	2.359534551175298
1.0	3.409838979490876
2.0	2.491703021393161
1.5	3.3858782982062605
1.5	0.2661796964814147
1.0	2.3714504459745527
1.5	1.9367546740841042
1.5	0.15016091181077118
1.5	0.09185908322849001
2.0	2.1610856367623317
1.5	2.2996378378244096
1.0	1.7750855892813369
2.0	0.435936555946846
1.0	1.8633918889414236
2.0	3.011971081965628
1.5	2.124267674068671
2.0	2.067280902638664
1.0	1.6806852007725976
2.0	1.207489081489197
1.0	1.1025011328464993
1.0	0.9787140306382313
1.5	-0.330566463411756
2.0	1.544431950582015
2.0	1.3654115856111697
1.5	2.5342491912745
1.0	0.3249139001558454
1.5	0.09775399300948595
2.0	3.223445957454317
1.5	0.6772968460424155
2.0	2.6716894122340347
1.0	1.560521070502881
1.5	3.450410883282383
2.0	2.8337465956836647
1.0	0.4438870956170311
1.5	1.421834422992068
1.5	1.1589341203068917
2.0	1.2772541590605089
2.0	0.5764349224765417
1.5	2.169515571654199
1.0	0.16077586785687226
1.5	1.5706309276942068
1.0	1.6388326202542083
1.5	1.4425215838670549
1.0	2.6279746952388763
2.0	2.446836297960774
1.0	2.7247932025729527
1.5	3.382529577429322
1.0	-0.16681433430660553
2.0	1.155608095910618
1.0	2.5181396164987255
2.0	-0.17932122240888315
1.0	1.4090937130233323
1.0	1.326456444600697
2.0	2.4134720132106224
1.0	1.6300395422343614
2.0	1.5311460892239421
1.5	1.9472668402886646
1.5	1.6959529981037729
1.0	0.654705361854155
2.0	1.7915882724785304
1.0	2.1932725373899276
2.0	3.137241242938048
1.0	-0.4528362809493347
1.0	0.8319890034566191
2.0	3.0524461092829633
2.0	0.9642435100469868
1.0	1.1343877861996159
1.5	1.0059311306477927
1.5	1.309821619758734
2.0	2.725937861833277
1.0	1.6995229617315037
1.0	2.636134161707268
1.5	1.4146267420134329
1.5	5.236502697492654
1.5	1.4787729805947203
1.0	2.597934240143651
1.5	1.889214166688249
1.5	0.8414698758168375
1.5	2.744820721598647
1.0	-0.41504328863183626
2.0	2.509779005879881
2.0	0.29279073059885485
1.5	0.9946249296391424
2.0	3.0405419459497223
1.0	0.3322933300304398
2.0	1.4803210115389038
1.5	2.566843902086135
1.0	-0.043879713378633056
2.0	2.980232981806061
2.0	2.0621448627627337
1.5	1.870920124973707
2.0	2.0423278778068004
2.0	2.16198354148281
2.0	0.6632510249123866
1.5	1.4444845569272105
2.0	1.0390334010645432
1.5	2.1735481278984405
1.0	1.6066240461098988
1.0	2.6882267586904365
2.0	0.7548268525601527
2.0	-0.1728838347974917
1.5	1.2068119536685764
2.0	2.8979807583417445
1.0	0.9479566322665374
1.0	1.7851860793845673
1.0	1.0956650699222112
1.0	-1.047686695784114
1.5	1.3413792957213302
1.0	0.9823664326423224
1.0	0.8100769852025712
1.5	1.530013102586023
1.5	0.9425922532055796
2.0	3.0686647147094126
2.0	1.8945682192341478
2.0	0.7257656653613951
1.5	2.101845621147507
1.5	2.6466400766297298
1.5	1.049632625362807
2.0	3.1920081741756894
2.0	2.8979611089515105
1.5	0.8676591251424726
2.0	3.042471926769047
1.0	-1.2619918963101426
2.0	2.099775362202609
1.5	2.2487171149862055
1.5	2.4886057877865975
1.0	0.1386594889482129
1.5	0.8267548822276276
1.5	1.058038624753115
2.0	1.7087752129352065
1.5	1.6573971633419082
2.0	1.3073315980828948
1.5	0.8166216084796507
2.0	3.4296705804293683
1.5	1.3985095606823807
2.0	2.935180178594418
2.0	1.5408997242132991
1.0	-0.04669264474851076
2.0	1.31592233235168
1.5	0.782894743229956
2.0	3.4788092879335792
2.0	2.213504473994685
1.5	0.9734398286411672
2.0	1.6029583566102337
1.5	2.053543196804867
1.5	1.1548481601535152
2.0	2.9435815128707197
1.0	2.351486228564201
1.5	1.6928019920657273
1.5	2.1724018734963106
1.5	-0.39200427587449904
2.0	2.7293403660095605
1.5	1.3008150264599414
1.0	0.012054261879169359
1.5	0.062360393094427646
1.5	1.0190793434858398
1.0	0.7925568875678695
1.0	-0.5943871095607796
1.5	2.548293819721093
1.5	2.3512979839358135
1.0	2.4159452317470205
2.0	1.7356405066268086
1.0	-1.319750702116826
1.0	0.5890282264929954
2.0	0.4809853366173493
1.0	-0.5792867624745321
1.0	0.7311617711780338
2.0	1.0711756919018112
1.5	1.121927121633202
1.0	1.2648060701001103
2.0	2.807337175491848
2.0	2.2848493246825243
1.5	0.526935474392228
1.0	-1.1258130766589414
1.5	1.4616772372401294
2.0	0.07876859243637901
1.0	2.408942316657198
1.5	1.4310725476031867
1.0	1.0841468934338745
1.0	0.9716688535895944
1.5	0.7790455568205485
1.5	2.4685307212237633
2.0	3.1882941357082846
1.0	-1.5485959209292535
2.0	2.2428083323571566
2.0	2.3118728054105464
1.5	0.7567894682444363
2.0	1.7601221203070385
1.5	3.544275794373652
2.0	2.4793309586973855
1.0	-0.04007776450466927
1.5	2.929583769675863
1.5	1.0855213582654786
1.5	2.6918553435590056
1.5	2.268846591520754
1.0	-0.12690790235307703
2.0	1.449608540547305
1.5	0.960445812744363
2.0	2.425535910643865
2.0	2.5589537329395773
1.5	1.7641581808926774
1.5	1.406314695054816
1.0	1.363398917428917
1.5	2.2391668249016616
1.5	1.801380920335091
1.0	-0.5570766283276212
1.0	0.45043452043696586
1.0	1.0169813927429852
2.0	1.5165182695098083
1.0	0.2394400510341974
1.0	1.5001920634114358
2.0	2.3643411808726547
1.0	0.1436947266130003
1.5	1.395798129020385
1.5	2.5729243476862544
1.5	3.053176696001834
2.0	1.3030420460741463
1.0	0.771562575485309
2.0	3.3431258956522987
1.5	1.1861957545616102
1.0	2.5567027604269965
1.0	1.2445660998543846
1.0	-0.9644704930306047
1.0	0.47194639592439735
1.0	0.3313436055093699
1.5	0.054303648467970644
2.0	2.433434534916366
1.0	3.3233754585874626
2.0	2.7158562193736033
2.0	1.345880808160432
1.5	2.296044134817615
1.0	2.267204925735749
1.5	2.672228216931419
2.0	1.9901558324477404
2.0	0.04372394373459354
2.0	1.5608842042341848
1.0	0.7078101819770122
1.0	0.5677058567230351
1.5	1.3162587518681554
1.5	2.3820426681416667
1.0	0.971519707101834
1.5	1.9189308255355337
1.5	1.276521880762571
2.0	0.8025404668259937
1.0	-1.2419387293335569
2.0	1.9215467418209518
1.0	1.2997124078437217
1.0	2.4765096472899417
2.0	2.583072848574184
2.0	2.84460000348051
1.0	-0.3728228911420246
2.0	1.3001329638426808
1.5	0.2652483568141961
1.0	1.798797563215225
1.5	2.3260033862686007
1.0	-0.1736479856398203
2.0	2.56311032768401
1.0	-0.25214092050936254
2.0	1.724498071350574
1.0	0.2771967802082551
1.0	1.23644150383031
1.5	1.1379079490948523
1.5	2.5354708170972797
2.0	1.3077913701464932
1.5	2.880032457647001
1.5	1.8946231367285904
1.0	0.5292655273966952
1.5	2.4377691875229206
1.0	-0.8096570532849394
2.0	1.5457155105346305
2.0	0.06069330308164744
2.0	2.021802626286622
1.5	2.0755475981356444
1.0	2.8305336154150567
1.5	0.7240993651713215
1.5	1.380295608953292
1.0	0.639930053920763
1.0	0.13622065165324915
1.0	-0.6803770208398103
1.0	-1.1661520820993605
2.0	3.907662900884346
1.0	-0.6790513382677914
1.0	2.843634510903729
2.0	1.7630204763877464
1.0	-0.008927644363575293
1.0	2.5195889872232806
2.0	2.3341314209244555
2.0	1.627972683041222
1.5	0.8398683370010704
1.5	1.5504014340449797
1.5	2.914391811730148
2.0	0.1306755281435832
2.0	1.2760253021784613
2.0	1.5000417145016274
1.0	0.9043148365498772
1.0	3.488453772367262
1.5	-0.08476033653898418
1.0	1.9438553159399845
1.0	0.20159529927867903
1.0	1.830265580454122
1.5	0.5760871617664602
2.0	1.535063143619056
1.0	0.7930078718772864
1.5	1.6686690694077468
1.0	1.515817713797512
1.0	1.227218839727575
1.5	1.4249364748090145
1.0	1.4715970801449556
1.5	0.6818077937227746
1.5	1.7607233832694256
1.5	2.730115930791946
2.0	3.490373613398224
1.0	-0.07631166272600476
1.0	0.46691341181959045
1.5	0.5692268414141748
1.0	0.8512091186624318
1.5	2.5269799508112514
2.0	3.337563541053848
1.5	1.0321015218654035
2.0	0.25497140592090295
1.5	-0.16924970552694285
1.5	0.4599033400727668
1.5	1.2375336907968573
1.5	2.7852390310824804
1.0	2.6715729487607796
1.5	1.3225681531746332
1.0	1.007228878196643
1.5	2.4908023274380984
1.5	0.9316714230601771
2.0	2.770541269968959
2.0	0.42462144313071404
2.0	1.262789792263447
2.0	1.4679729098208836
2.0	1.71824755614462
1.5	1.4476798245253228
1.0	2.314027745006662
2.0	1.5381158025297335
1.0	1.173507540255584
1.0	2.056328138298894
1.5	2.332834368237647
1.5	0.458859078753568
2.0	0.7764112240163878
2.0	3.316798503573768
2.0	1.379203393377411
2.0	1.8668425021246011
1.0	2.267935740812778
2.0	2.0522381243400587
1.0	0.541887534322419
2.0	2.1423589270096497
1.0	0.9617082771233351
2.0	0.4058603306954123
1.5	0.9403443580804013
1.0	0.4516140992695906
1.5	3.1399713758978667
1.0	1.910898162236387
2.0	1.790051845903671
1.5	0.21477161127701305
1.0	-0.06313924146591665
1.5	1.1989445233406855
1.0	0.22606501018694936
2.0	1.9703501122588252
2.0	1.7391487403643444
2.0	3.2129810156049894
1.5	0.34614699336716237
2.0	1.3449668905613765
1.5	0.8845578999017668
1.5	1.0421247174556028
1.0	2.006433219458807
1.0	0.806975992921471
1.0	0.1138261102921142
1.0	-0.002071932743023641
2.0	2.3312665481438115
2.0	2.0890486886074258
1.5	0.7073537941886066
1.0	0.8985218266321889
2.0	3.010739179142846
1.5	1.6811935179798598
1.5	1.3633604451024959
2.0	1.064955320980078
2.0	1.7645195181079385
2.0	2.2676902010131137
1.0	-0.6257134693843829
1.0	1.686345728628845
1.5	1.8726686304800975
1.5	0.5123135874956404
2.0	2.3187208597329496
1.5	0.2676811203870184
2.0	2.4851786105315696
2.0	1.0576999375097336
2.0	1.7249860152764842
2.0	1.9703579201363493
1.0	0.7725583324602547
2.0	3.6053869425529204
2.0	2.809003244686485
2.0	0.8877328863342413
2.0	1.5672284971914456
1.0	1.072618136937616
1.0	1.9344513772191494
1.5	2.28272370862415
2.0	3.681616360567725
2.0	1.5493877874675965
1.5	1.6567171222733748
1.5	0.2633968830765743
1.5	1.8137884212315623
1.5	1.060776874605229
1.5	0.18285750956173663
1.0	0.6871264409821
1.0	1.8055511626164313
1.0	0.252127855450225
1.5	-0.14103705154017931
1.0	1.2527134810192708
1.5	-0.04365978801987813
1.5	2.5670080491241554
2.0	1.9727020534843296
1.5	1.645187607010838
1.5	0.03186348194206823
2.0	3.143586060291831
1.5	3.3060331282049438
1.0	0.2616822971934434
2.0	0.5187989485507982
1.0	1.738603690203024
1.0	0.30807949513457533
2.0	2.7257482439352
2.0	0.507613067450408
1.0	-0.7392352695298157
1.0	0.1442943144667942
2.0	4.323640160654662
1.5	0.5554540212047397
1.5	0.08990931268153335
1.5	2.746866989832763
1.5	2.157164291497687
1.0	2.0157590192527284
1.0	-0.2588500586737992
1.0	1.2585637953595414
2.0	3.396981092231832
1.5	2.6263638062543304
1.5	3.1489229699202053
2.0	1.2198795430894596
2.0	0.8447494400365376
1.0	2.151573010339903
1.5	0.9964975399839283
2.0	1.4788094511221026
1.0	1.5100347479479659
2.0	3.8969959136462413
2.0	2.3059650194389585
2.0	2.709274221873593
1.0	2.0616606513809552
1.0	1.593679716380538
2.0	0.8487589136824374
2.0	1.3506851764295469
1.5	1.2857583782771773
2.0	2.731631656547642
1.0	0.6085171215354106
1.5	0.48295985992534685
1.0	1.5496653488412182
2.0	2.543901614525242
1.5	1.0433126779567738
2.0	-0.11511144813643037
1.5	2.565509945357329
1.5	0.7945694331265148
1.0	2.7893454899158
1.5	1.2462899090758854
1.5	1.63987338448023
1.0	0.28575815263869464
1.0	-0.8198013209974864
1.0	2.5882348726881634
