Gaussian Generator(1.0): mean=1.0,stDev=1.0
Gaussian Generator(2.5): mean=2.5,stDev=1.0
Gaussian Generator(4.0): mean=4.0,stDev=1.0
2.5	2.5507267839254726
4.0	3.3484840953716923
4.0	4.2824425830656
2.5	2.6677353420932057
2.5	4.898136741876684
2.5	1.7244351764587633
2.5	2.497133319777221
4.0	2.629335049953222
1.0	-0.06519424833182974
1.0	0.5371089525803867
1.0	0.16287754354717054
1.0	1.0934536621551865
4.0	5.356717154587587
2.5	2.2278641496358613
2.5	2.613807091827324
4.0	3.4989699548874538
4.0	3.840261806335191
2.5	3.2149336693484893
1.0	-0.6838863701973541
1.0	0.6988676215720837
2.5	0.8844590474004108
4.0	4.681815531435796
4.0	4.159730694801768
2.5	2.8572339566126725
2.5	1.8831591698618668
4.0	4.428769533577907
1.0	1.4242783461654571
2.5	2.8219083679046633
2.5	3.154652059365888
2.5	2.9502372934454546
1.0	0.1604439909744474
4.0	2.37300353295849
2.5	1.40770892016609
4.0	4.778306431795801
1.0	1.3001170829531947
1.0	0.9144452745300469
4.0	4.586164873310652
4.0	4.487300192129519
4.0	3.3374727380891898
2.5	2.392349907801135
4.0	3.363437990599531
1.0	3.4849516799025624
1.0	1.7825554734045386
4.0	4.924415048519178
2.5	1.6435202429447613
4.0	2.8689139263965493
1.0	2.5746736135364694
2.5	3.3663393750992237
2.5	4.075550358970533
4.0	2.6045431696672736
4.0	4.38368615919248
4.0	4.845781467916686
1.0	-0.06401916806584751
4.0	2.888856796370897
1.0	1.8207194213851188
1.0	-0.3923563169194759
1.0	2.591321765249771
1.0	1.0478335118039468
1.0	0.6229453672331019
1.0	1.241974485070302
2.5	3.4161020551271926
4.0	1.810313586629202
4.0	5.849973327923231
2.5	3.0604156236668585
2.5	3.818178638293115
2.5	3.117781865245575
1.0	-0.304976439944739
1.0	0.2860398309323009
4.0	5.672792155249036
2.5	3.2545673746516446
1.0	1.7666638608208471
4.0	2.0593162711336754
2.5	3.3327654131722215
2.5	1.19772240992501
2.5	2.7466370085445644
1.0	0.9210083348517655
2.5	1.9107993502668164
1.0	2.212235877239223
4.0	3.5724578361485952
1.0	1.007328872895642
4.0	2.227420932416969
1.0	1.0861781991128772
4.0	3.6057827023609406
4.0	3.9286186602346946
4.0	4.821740433776641
2.5	1.2375168677772843
2.5	3.0648790521557197
2.5	1.532097937672052
2.5	1.0994293420546077
4.0	4.0532743814575865
2.5	2.5407602466773
2.5	2.7961829032039787
1.0	2.0552540100058696
4.0	3.922258768959494
4.0	3.9714490731954384
1.0	0.24631674713950125
4.0	6.257329111455427
1.0	0.14338998192548658
4.0	5.5709134692073246
1.0	2.87296553906258
4.0	5.070886452939027
2.5	1.5460009195885136
2.5	1.694974361261711
1.0	1.7866037385615066
1.0	1.9515165650926667
2.5	1.9082519859877527
2.5	4.015528367542042
1.0	1.3515879493850413
1.0	0.0743557295206223
4.0	4.445016961294277
2.5	3.42913810589601
1.0	0.3800432282944318
4.0	3.6870270378642216
4.0	4.871762265222053
1.0	-0.09799395261967048
1.0	3.162061139517957
4.0	3.7652935428780068
4.0	6.059813406843219
1.0	1.689001017487294
4.0	3.7521294881883422
1.0	1.8997004460841578
1.0	1.3638703611620175
4.0	5.570068179442144
1.0	0.7368145589545696
4.0	4.660609864703864
1.0	1.2248695836279524
2.5	3.5570558824534633
1.0	0.015506500424572911
1.0	1.1246656111752442
2.5	5.348734396400998
2.5	1.012691217312416
2.5	1.9833107899808762
4.0	3.7669556111343527
4.0	4.363279871208206
4.0	4.887438365213914
1.0	0.7670890517536897
2.5	1.9709860374545134
1.0	-0.7231818684718236
4.0	4.288078973526592
2.5	1.608366946600062
2.5	2.2132915232275945
1.0	1.80132669301243
1.0	1.6436439441868385
2.5	3.1382012950869886
4.0	2.6008370389272835
1.0	1.5426561328708959
2.5	2.8819932383123743
4.0	3.4369175505758056
1.0	1.377657417370182
4.0	4.586811407478877
2.5	2.376630808278149
2.5	3.0474167661491185
4.0	4.089845969890108
4.0	5.170718345740181
2.5	2.5182395925450525
1.0	0.5411100510154168
1.0	2.5629206223029493
1.0	0.9737388702540767
2.5	1.9473804989732026
4.0	3.6188708972913344
4.0	3.7828250112793143
2.5	2.153810727632875
4.0	3.650937429815405
1.0	0.31461765158348776
4.0	3.5013566990761578
4.0	5.314342426052904
4.0	3.7945658815043735
2.5	2.9986337055788805
4.0	3.9459031860981013
2.5	2.888464010360817
2.5	2.000570388294981
4.0	3.819940535139578
4.0	5.771713925170966
4.0	4.7994772339660825
4.0	5.028199777342969
1.0	0.9703879942235515
4.0	3.3611451715452016
4.0	2.7444924060537463
1.0	1.9996730232766327
4.0	5.462748134358537
2.5	0.401774613608314
2.5	2.581523607976547
4.0	3.257948264718943
2.5	3.1870647717843865
4.0	4.227171963069735
2.5	5.2391310946474
2.5	2.8436212030944583
4.0	2.7913843831376353
1.0	1.6892296983593282
2.5	3.4988788207179597
2.5	1.655947420742164
1.0	1.7118254526593848
4.0	3.6345674497022515
4.0	4.962903134087816
2.5	2.5599058814894224
2.5	2.1870948584957017
2.5	1.2012212266975797
1.0	0.4281563989054651
1.0	0.9057091008833388
2.5	3.752280072066138
1.0	1.7964674229993955
4.0	3.7898946520720376
1.0	0.3262838936187472
4.0	2.911073294367527
1.0	0.13278664584279543
4.0	4.1885904260206015
4.0	3.5252235622915835
1.0	0.2137176286300193
2.5	0.0913492935786171
2.5	2.6748814589608036
4.0	4.896624393844505
1.0	-0.04136271178587503
2.5	1.6772246727839284
4.0	4.009396811249723
1.0	0.8258538093624262
1.0	0.6943671075434616
2.5	3.564187489281019
4.0	4.007708799232763
1.0	2.0514072185072374
1.0	0.46885936977971876
4.0	2.6245853529964647
4.0	4.144558975037861
2.5	3.7256282722991108
1.0	2.7777356927136223
1.0	0.7190362996476518
4.0	2.6860197646741053
1.0	1.1230314533716748
2.5	2.998637590907555
2.5	2.3985691720466655
4.0	4.681366680351549
1.0	-0.14369696513541919
4.0	5.722739837504255
2.5	3.1216601093149516
1.0	-0.5048562475061853
1.0	0.13074729018502507
1.0	0.8401242452018939
2.5	2.667135962554679
2.5	2.9467209356045987
2.5	2.501539705721669
1.0	0.22187619352921084
1.0	1.10255502845567
1.0	3.058056781164927
2.5	2.3412646916455393
4.0	3.9346102650512216
4.0	2.419862634985922
1.0	1.3376294180084423
1.0	0.7787053653477368
2.5	3.4380747526494115
4.0	3.75663677110443
2.5	3.4058004294841533
2.5	2.4594466521621006
4.0	3.699302410429803
4.0	4.155520594291692
1.0	1.2248313437252607
4.0	4.9334589015912815
4.0	4.149948194414727
2.5	2.397501169019188
2.5	3.7548795168613216
1.0	0.8512789417431583
1.0	2.2786491995837714
1.0	1.675755101462874
2.5	2.9174232093788697
1.0	0.008321116663862926
4.0	2.9221566373468617
2.5	0.9582051364442945
4.0	3.738089722333425
4.0	3.515332526572572
1.0	0.7450783885484209
1.0	0.8096025099501113
2.5	3.0140089929252065
4.0	3.7402055214262666
4.0	3.7697076838644756
4.0	5.1123116018639685
4.0	3.951302502372131
2.5	0.6781212750557972
2.5	0.9749569515035235
2.5	4.244842591680547
1.0	-0.09414516286399999
2.5	2.8965285667292173
4.0	4.7766109163515065
1.0	1.6202485978987342
4.0	2.8166148735535543
2.5	2.5211062953179186
1.0	0.48105533823831503
1.0	0.06866530207871602
4.0	4.090682894913088
2.5	2.9176607685636307
2.5	4.150679795299682
2.5	0.5061898699748777
2.5	4.278301445433134
1.0	-0.055204138140192205
1.0	-0.0471537702193634
4.0	5.705619717523559
1.0	1.1823956723529856
4.0	3.8516695164557344
1.0	1.75656509676311
1.0	-0.3808488232010965
1.0	1.188638190267437
1.0	0.4380027808900172
2.5	1.344410545798221
4.0	3.771845823141359
4.0	4.663827841041089
1.0	1.5093919124314645
1.0	0.8289356552632292
1.0	1.9462764256062461
2.5	1.6011136418694174
4.0	4.933005226656374
1.0	1.0735241776134383
4.0	4.60094723632265
2.5	0.8339405035824599
4.0	3.44478042860852
2.5	2.7063119941112843
4.0	3.816063767643565
1.0	1.46981494562398
2.5	1.788503425535473
2.5	2.4313764118531003
1.0	1.563138960950765
2.5	1.6581249071529485
2.5	2.7297851872409753
4.0	1.813519591940992
1.0	1.634393916987615
4.0	3.992102453605862
4.0	3.7233506697815155
4.0	3.8410186546014398
4.0	3.8013948846265078
2.5	3.6368689677696304
1.0	0.13692374606007274
2.5	3.3976743649181103
2.5	2.7204791352371074
1.0	1.7695506725310128
1.0	0.7159090454699708
2.5	3.2559840330555385
4.0	3.118149446895387
4.0	6.272697033966779
1.0	1.4125659272125974
1.0	3.185852936651172
1.0	-0.37048570172304696
1.0	0.8795242247812046
4.0	5.143927281855982
1.0	2.265738713971186
4.0	5.667107160650909
2.5	1.9842238664911236
1.0	2.507292421277146
2.5	2.961039083452645
1.0	0.8904652103372275
1.0	1.0932019867950329
2.5	4.020525195641562
4.0	3.775195097632269
4.0	3.915250437015621
4.0	5.399350844724216
1.0	0.351618800553968
2.5	4.088752297857626
2.5	4.447744418652033
2.5	0.8263267316346061
2.5	1.8327380580268628
2.5	2.789600067171952
2.5	3.630303320992067
4.0	3.6786497721325513
1.0	0.4466738429531312
2.5	2.689046281444135
4.0	3.8597205532472554
4.0	3.5307213545736986
4.0	3.9676405058613247
1.0	0.9962542397920492
1.0	2.0805552516948387
4.0	5.634167069814837
1.0	2.2439331802688165
2.5	2.389619757134971
2.5	0.9831889514497707
4.0	7.178174584034837
1.0	-1.1865061683666527
1.0	1.9382902155356714
2.5	2.6847716190891133
1.0	-0.32694112763303584
2.5	1.8988888637004353
2.5	2.435915909709562
4.0	3.7312403087090518
1.0	1.6274266734042366
4.0	2.7617112916289646
1.0	2.1598172060804055
1.0	3.3532152075690784
2.5	2.825110481606123
2.5	0.6790406571407579
2.5	1.4860759543102509
2.5	4.012198116660103
1.0	-0.18112572430411467
2.5	5.177510856777396
2.5	3.08047829648999
1.0	1.7938321357050326
1.0	0.028321015942553762
2.5	2.91901863381436
2.5	2.605605983777334
1.0	0.7544813702535842
1.0	-0.3563355756398823
2.5	4.501576194302568
2.5	1.4926679129174425
1.0	0.8543770908282518
4.0	2.9655731148482176
2.5	2.865527971380154
4.0	4.263600679219389
1.0	0.9015710471919861
4.0	2.0190233337162056
1.0	2.4694868006293893
1.0	2.4198491167021485
1.0	1.8402228579446258
1.0	1.5670843577775395
1.0	1.4332215550985827
1.0	3.1867966397112633
4.0	5.158609242270953
4.0	5.952019146836499
4.0	4.243126709951993
1.0	-0.4954943394928497
2.5	2.1715907014286384
1.0	1.8840354703349529
2.5	3.177408345117787
1.0	0.40501000771969287
1.0	1.8591004806130687
4.0	5.229606907351765
4.0	3.742426324032528
2.5	2.47056400157959
4.0	4.972194721809556
2.5	2.9515690457136445
2.5	0.8392543787061917
2.5	2.9611617875933978
2.5	4.673763960715841
2.5	3.0576526317460573
1.0	1.5021623395746235
1.0	1.4001420690705428
2.5	1.7779046483261753
4.0	3.6677991922716835
2.5	3.4232348000110564
1.0	2.3020824428045783
2.5	2.6461710799081364
4.0	3.704675978078571
2.5	1.4938660529108692
2.5	1.6672157883422236
2.5	1.4843416988676903
1.0	1.082241547664052
1.0	0.5042690917042354
2.5	0.6174643235031225
2.5	1.000343893950625
1.0	-0.6469403132215159
4.0	3.7492034038055344
2.5	2.515695043134517
2.5	2.9380469733744174
1.0	-0.07422503208789233
4.0	1.9331801237724457
1.0	-0.03380664941874323
4.0	5.845148765245547
1.0	2.374286155762802
1.0	0.33274305636407886
2.5	3.085968928111501
2.5	3.253135506471442
2.5	2.163925467171567
1.0	2.1587152415220765
1.0	-1.6567216457436595
1.0	1.9085439233179198
2.5	2.946232265438453
4.0	2.7910059643601475
4.0	5.250145268526659
1.0	1.415929628430291
2.5	3.4590914394796988
2.5	0.9828235452321041
2.5	4.044429868471412
1.0	0.07559646196539616
1.0	0.8708062163610341
4.0	4.652838825688718
1.0	2.185897747183332
2.5	3.1116573574341118
1.0	2.405014424013296
1.0	1.3108441637359127
1.0	0.8983824738802477
1.0	1.562404665557699
2.5	2.5506548175042103
4.0	2.636837444149726
4.0	2.7739022863774236
4.0	4.29663526774378
4.0	4.392068309873715
4.0	3.9602012146307377
4.0	3.423648085967266
2.5	2.1805987242848475
1.0	-1.0202738085919218
2.5	3.1276911534678877
4.0	2.637695906429297
2.5	3.712184095227114
1.0	2.9045464782549084
2.5	3.246228139478376
1.0	0.1437968637687307
1.0	0.22195823905071577
1.0	2.9704756973732427
2.5	3.4793810910169647
4.0	4.448777028532561
1.0	3.068405826681209
2.5	3.020262234462771
2.5	2.2769973298580135
4.0	3.130753931137409
4.0	4.846343331160932
2.5	2.6232648976782267
2.5	2.650725492925776
4.0	2.705760122568842
4.0	4.55778320692491
1.0	0.7047128764630421
4.0	4.0580138755681645
4.0	7.424416949557852
2.5	4.092586434707965
1.0	0.012525608958159795
2.5	3.0614009652812424
4.0	5.076869889767655
4.0	4.580929631375533
4.0	3.863373992933683
2.5	2.9246304829732117
2.5	2.9852782561675
1.0	2.5747194691912605
2.5	4.514273606434884
4.0	1.672567237192455
4.0	3.518186932563336
2.5	4.280984873854321
2.5	1.40338536220331
4.0	2.7707532423601506
4.0	3.0802419643628847
1.0	0.7962892595621287
4.0	3.696246589932114
4.0	5.2482766623828825
2.5	1.9389446536718786
4.0	4.242100210247262
4.0	4.265340599886477
4.0	3.860491203302452
4.0	4.357306096290122
2.5	1.335596980009007
4.0	3.931401523466247
4.0	3.9663384151489165
2.5	1.7445824948317183
4.0	3.2878083304157695
1.0	0.28893944950121486
4.0	3.264460060928902
1.0	2.675271916296956
4.0	4.8054944493270035
4.0	4.000683283295217
4.0	2.479586730021236
1.0	0.5037711445956288
1.0	0.4710005640302527
1.0	1.8569907277416993
2.5	2.429963050367349
1.0	0.646642966325586
4.0	3.885849272737524
4.0	3.9332863643810283
4.0	3.597762486620206
2.5	2.8748269132534414
4.0	3.5267982709018604
1.0	0.9205081528362066
2.5	2.7299635781902216
4.0	4.311207703224351
1.0	-0.3442092202225908
1.0	0.689906286947428
1.0	1.6039814452137353
2.5	2.9788446940340525
1.0	-0.6946341755821746
2.5	1.7219373487165535
1.0	-0.576760563311896
2.5	4.309515784221902
1.0	0.9690209490939281
1.0	-1.1587694606144554
1.0	2.32392329421486
4.0	3.2472000195755024
1.0	1.1619453278082141
4.0	3.701787822420917
4.0	5.088065072055882
2.5	2.6892882425883586
1.0	-0.8259651134667303
1.0	0.6986772137187028
2.5	3.06316391836847
1.0	0.6542005945331146
2.5	2.0690950923019806
1.0	2.5894184563187173
2.5	2.7719654510739935
4.0	1.9353661145768162
4.0	5.432364626228217
1.0	0.8407977959599958
4.0	5.827828501944691
2.5	2.307953627022933
1.0	0.7980317927732041
2.5	1.4842703479502204
2.5	3.01485766674716
4.0	3.37752486638656
2.5	2.110882408743969
1.0	1.3581435473771364
4.0	4.381325094821641
4.0	4.09435598991473
1.0	-0.2847605290230024
1.0	2.2496973921957393
1.0	-0.05229219882636804
2.5	4.009290390256969
2.5	3.176128383381335
1.0	1.7601371513412492
1.0	2.471575700038424
1.0	1.7904481022730314
4.0	3.4934382686019028
1.0	0.2378657776099491
1.0	-0.19121915080530472
4.0	4.156762683099611
4.0	3.7935014648045415
2.5	2.240733971562753
2.5	1.8926422662410765
2.5	1.2418262960598292
2.5	1.457582223555883
2.5	1.9047268860763287
2.5	1.6861834467231027
1.0	0.24461156760376335
4.0	3.098939460617956
1.0	0.3751771573742029
2.5	1.9720855077884965
2.5	2.6177945516416137
1.0	1.805149961721686
1.0	0.42445419473073076
1.0	0.37314976640824604
4.0	4.188541699278967
4.0	5.616893402490966
1.0	1.6891031678436352
2.5	3.5104319145704688
2.5	3.3045725387813247
4.0	3.5727106834763527
1.0	0.8280661407445284
1.0	0.38132127089743895
2.5	2.0640073603371816
4.0	3.5373052729360035
2.5	2.479943267241335
2.5	3.7811033520143082
2.5	1.9159824042491134
2.5	3.17705818006029
2.5	2.867162158514554
4.0	3.5795187840545597
4.0	2.8544037574228582
1.0	0.6987073849290294
4.0	3.978621646446237
1.0	1.5927404443781867
4.0	2.393990880413882
1.0	0.6687491549363325
1.0	3.5210230822254327
4.0	4.337772669412523
2.5	2.477130270908166
1.0	1.3374208794328062
2.5	2.799812578864759
4.0	3.786166713940153
1.0	-0.3922449066358167
4.0	2.7118196488705193
2.5	3.1629391503126296
4.0	4.920380626401327
1.0	0.25057317273160085
2.5	1.8068367323311034
1.0	2.3559103037567395
1.0	0.2963203757090981
4.0	4.606704859119556
4.0	4.582305273018182
2.5	3.829213578504706
2.5	3.4914775872529047
4.0	4.454984206176123
4.0	5.205578089887284
2.5	2.478934020611341
4.0	5.020514229109563
2.5	2.8236534432322435
1.0	1.310042595729066
1.0	1.174104505382045
4.0	2.697764570276932
4.0	4.39533493435588
4.0	3.8860828230800815
1.0	0.7834807507888765
4.0	3.9341385026263747
4.0	4.5649687037456905
4.0	3.532537306217415
2.5	1.6589135855143402
4.0	5.707368373574383
4.0	5.623103136673872
2.5	2.5436407566076182
2.5	3.1330149824551103
2.5	2.8115628947052165
1.0	0.4098204027971706
2.5	1.031160324796726
4.0	4.228485279748461
2.5	1.1401423987871535
4.0	2.1685528554790956
1.0	1.3025444174457208
1.0	1.6037155196700752
4.0	4.750667139233158
1.0	0.5910073188274954
2.5	4.344267377080632
1.0	1.1475633237698561
4.0	3.6680458497621955
1.0	0.4125675880878422
2.5	2.5090163274487156
1.0	2.2602717397716505
4.0	3.9130803091754727
4.0	3.4040936296420923
1.0	2.138193641525273
2.5	2.138568640535401
1.0	1.2583180368072768
1.0	1.9744702516984916
2.5	1.5323192252711137
2.5	2.1492065959383653
4.0	5.770452340350637
1.0	0.989874427225198
1.0	-1.1932217664449603
2.5	1.7632397640080921
2.5	1.65937597342332
2.5	3.144929902474375
1.0	1.3100684494489414
1.0	1.9039368606004725
4.0	2.738517317927166
2.5	4.089399385272105
2.5	2.6921692176071765
2.5	2.6557693312827744
2.5	3.495596438853828
1.0	0.28224002333040155
1.0	-0.17421156169400054
2.5	2.8714379406478074
4.0	4.752932560166068
1.0	1.7793739614794464
4.0	4.008843636290661
1.0	0.7660188261667319
1.0	-0.8691505003822422
4.0	3.515228605216268
1.0	-0.5089323694128667
1.0	1.8982753110449861
1.0	3.095986104826145
1.0	0.3498780985096993
4.0	4.577661787465387
2.5	2.89601498948203
2.5	3.1636520202643377
1.0	0.9382499439346995
2.5	2.9797371094055816
2.5	2.1748178046801576
4.0	4.116411738115721
2.5	1.0227077640600886
1.0	-0.2004086300922856
4.0	3.3214545121200842
1.0	0.4400028379443004
1.0	0.6294059810542333
2.5	2.5902418960579667
2.5	2.561188430386196
1.0	0.9343715048564387
4.0	3.185640601771703
2.5	2.9092641711576404
2.5	3.1612157935025236
4.0	4.845238503861509
4.0	4.8387231870079415
2.5	3.818673491312246
4.0	3.9829488622094895
2.5	3.6337744058946857
1.0	0.998730622477677
4.0	4.7140581452198465
1.0	1.918594750383739
4.0	3.7574881659272044
1.0	0.9869475932079612
4.0	4.14380359314273
2.5	0.800379252303375
4.0	4.468179664149488
1.0	2.7784207558343303
1.0	1.772750944135952
4.0	4.32701023379911
4.0	4.118561042245772
4.0	3.2002721521814532
1.0	0.8277011801421963
1.0	0.5007414783153248
2.5	4.134744156086995
1.0	1.1166424047848231
4.0	2.5433974063203646
1.0	-0.4029065400386047
1.0	-0.3082327105027076
4.0	4.9521197021950405
4.0	4.117236782966898
4.0	3.5538644369624004
1.0	1.8368663353469692
2.5	3.170752872533313
2.5	1.9416086495421583
4.0	4.463934981769915
4.0	3.995690950025196
4.0	3.1230158375158443
4.0	4.1745223003219945
4.0	3.7012740992770743
4.0	5.131932219836118
4.0	5.04250707674666
4.0	3.2573694088707192
4.0	2.9790301580114624
2.5	2.9948586561210204
1.0	0.7861345337888686
4.0	4.161064883495755
4.0	3.1416614107704737
2.5	2.4385867562426546
4.0	3.9735402093470142
2.5	3.9506781616381197
2.5	2.741182654958413
4.0	3.3538328140206897
1.0	-1.6706102437692567
4.0	2.3329318071007306
2.5	1.8451457479970736
1.0	-0.6419219749426885
4.0	5.866234356046447
1.0	1.0889840029122877
4.0	2.4496743497924567
1.0	0.9638555845800055
2.5	2.300640761777515
2.5	2.62808908291994
1.0	0.013569694301886148
4.0	2.427059194504907
4.0	3.8813318798438217
2.5	3.24600612968678
2.5	1.7648853953807768
1.0	0.35203234363183267
1.0	1.867339558750709
1.0	-0.5096085718235495
1.0	1.6450650145357946
1.0	-0.6579650694357981
1.0	0.8333030565833347
4.0	4.834375670088733
1.0	0.95225646380459
2.5	4.266721979265263
2.5	1.2687127046999103
1.0	0.5728676807621829
1.0	1.7398824149711032
4.0	1.4885498561859372
2.5	1.6760378830883136
4.0	3.517724523178144
1.0	1.2859909811831007
1.0	1.9661860391397465
4.0	4.5683230679576345
1.0	0.14543316435706366
4.0	5.223113135870592
2.5	2.5599968694092925
1.0	0.06651281680649102
4.0	4.851512217064083
1.0	2.8509186215020126
2.5	2.6416628872136156
4.0	2.68912626754632
1.0	2.9746540575037916
4.0	4.564537498048454
1.0	0.6490176586619725
4.0	4.41851503212057
2.5	3.2740623514414158
4.0	4.476276411710575
4.0	2.2010389467584677
1.0	0.5704146206159969
2.5	2.2219687837035056
4.0	4.521399220904858
4.0	5.055773897120973
2.5	1.9803079743995773
4.0	3.2992551589928536
2.5	1.2243532896432774
2.5	3.7925824253575366
4.0	3.053460741854195
1.0	1.4281661714321225
1.0	1.751839672196775
1.0	0.05343219932322196
4.0	3.601506426208168
2.5	3.8074482828327394
4.0	4.4039322577936755
2.5	2.999226074751733
4.0	4.622953423859088
4.0	4.127706535484144
1.0	-0.4298642207283232
4.0	3.2859563590308314
2.5	1.9021020478137798
2.5	2.2757075865876564
2.5	3.2869712335283867
4.0	4.8356203098382124
1.0	1.4716473050405026
2.5	2.2301925005749794
4.0	4.670539541795518
4.0	3.825560087453997
1.0	1.512500164929313
1.0	0.09900693536026495
1.0	2.547346126490358
1.0	0.8315219822627704
2.5	2.0882475427888068
2.5	1.0792675389466497
2.5	2.8357821686482336
2.5	3.2638041622748086
4.0	4.55392610678499
1.0	2.225024193629508
2.5	2.688229858875592
2.5	3.0184489238962
4.0	5.791362402177816
1.0	1.1738712103829976
1.0	1.396957235236225
2.5	3.723425413992956
1.0	0.2930665660679327
1.0	2.450562398249958
1.0	1.9179670314555395
4.0	4.570661556069891
2.5	2.172652739847975
1.0	-0.7830527839154331
1.0	2.271644056664594
2.5	2.3279457824075394
2.5	1.1952077166135044
2.5	2.7113495719801217
1.0	2.0192525766194835
2.5	4.3408421176976
2.5	1.6580142468143204
1.0	0.12331578277630528
4.0	3.471141025495591
4.0	2.3782095939491574
1.0	2.1272250713890486
4.0	3.4757970086947014
2.5	2.751808849989875
1.0	1.112446999626244
1.0	2.1311085112054062
1.0	-1.2285378679529906
4.0	3.0286749987542527
4.0	5.12417640362532
4.0	3.2324611594351875
2.5	4.487865958556194
4.0	3.399634265203334
1.0	0.1392791656564797
2.5	2.43134416995156
1.0	1.1382599657833583
4.0	3.894771359650574
4.0	3.8402861487231217
2.5	2.9212366967226315
1.0	-0.6286947109827672
4.0	6.144491080874886
1.0	0.7426731581446226
1.0	0.3890899099318792
4.0	4.9503157776336355
2.5	1.17956134953928
4.0	2.9145612469480113
1.0	0.19176124708600362
2.5	2.5938877318077047
2.5	3.200142820674576
1.0	0.5984691662748756
1.0	-0.37966762856839287
1.0	2.0361132555092274
4.0	4.3161216567018235
4.0	6.944222863428311
1.0	1.8851979224032709
2.5	2.974826121086159
1.0	0.08459163887116727
4.0	4.649133403107162
2.5	2.072231636046461
2.5	2.688771036519944
4.0	4.422034085540742
1.0	0.4172796161251514
2.5	3.663807554696981
2.5	3.7341586587827003
4.0	4.026224262774853
1.0	0.8283664658862021
2.5	2.399125016754928
4.0	3.976204719028186
4.0	3.12182962655859
1.0	1.1559741945976008
1.0	0.14513439954743712
1.0	1.2302575467648178
4.0	3.385282466317099
1.0	0.42663347001041696
4.0	4.504955839003535
1.0	0.27165049350827064
2.5	2.182088076549713
1.0	0.2508044844738119
4.0	5.171094523843384
4.0	4.507011391198707
1.0	0.36996147007034996
4.0	3.389546758707893
1.0	1.144184396169726
1.0	1.475818654392962
2.5	3.0475528366966165
2.5	2.439179773848589
2.5	4.516405712163134
4.0	4.1322101313016715
4.0	3.43559869126297
4.0	2.964304532625021
2.5	2.217104331251431
4.0	3.8158700162857215
4.0	3.3624000371192952
1.0	1.8414281570233157
4.0	4.553063852186718
4.0	3.8429449271187415
1.0	1.8510101581208205
4.0	4.238623432607267
4.0	3.4085435391540773
1.0	2.2124228650823126
4.0	5.502090520574924
2.5	1.8145927455745445
4.0	4.067981045865748
4.0	2.9915955631281985
4.0	2.5959073909987658
1.0	0.9263585414913232
4.0	3.6636766931624187
4.0	4.447450388738387
2.5	1.1788176885800392
1.0	0.24074059346401677
2.5	1.2209334634020923
2.5	3.7793397769140546
4.0	4.6419083982285985
2.5	2.6359872900705805
2.5	1.5287855175563112
2.5	0.26234004519810306
4.0	3.119708912404862
2.5	2.8673131410258454
2.5	1.678219802336477
2.5	3.7407855857024708
2.5	3.4353202253453206
4.0	3.9978648171619744
1.0	-0.005900779808794665
2.5	3.8809537686759454
2.5	2.3596439521850865
4.0	2.029324729268599
1.0	1.9866040746393248
4.0	4.503738882361482
2.5	2.11536389186578
4.0	3.011801936555656
1.0	2.195838552270607
4.0	5.088069035725263
4.0	4.180328400770171
2.5	3.100322583029533
2.5	1.1900516114644764
4.0	3.940846916493609
1.0	2.231329266025586
4.0	6.145336360058697
1.0	1.953120262934629
2.5	4.104962260001267
1.0	1.4783714625647633
2.5	1.8785571778592152
2.5	3.8844419603798768
4.0	3.6233856543399106
1.0	1.1733176765543893
4.0	4.228254647312975
4.0	5.03687381445785
2.5	2.504868278265824
1.0	0.5496801024881361
1.0	2.2751233003518667
1.0	2.143109602469074
4.0	5.445773518756166
1.0	2.72591634117736
1.0	1.857007089538142
1.0	-1.1258131227117287
4.0	2.3258663690309556
4.0	5.1654409266843935
2.5	2.0051901166388264
1.0	0.5956380076743304
4.0	4.777521870433507
1.0	1.9754449604750997
4.0	3.0844553712161704
1.0	2.0053845931928516
4.0	4.588411624059868
1.0	0.5155709572213218
2.5	1.6523026635600457
1.0	-0.19706199881098518
1.0	0.6201819090033468
1.0	-0.11281956145264993
2.5	1.4144525643831896
4.0	5.13276140874034
4.0	5.413148097154689
4.0	4.3988361934196964
4.0	4.806142592575522
2.5	2.4056196223219803
1.0	0.7003192125612154
1.0	1.7309700952776979
4.0	6.300921594210379
2.5	2.759415405045136
2.5	1.804163069678601
1.0	0.07418588300497198
2.5	2.6321436300858876
4.0	3.6106198691073694
2.5	1.4494700041221091
1.0	3.4237234064558857
4.0	5.494650392043058
2.5	2.394117800447226
1.0	2.363589551876228
2.5	3.0517536135571226
4.0	5.5480195677471045
2.5	1.7680174665534314
1.0	-0.009137495831141873
2.5	2.537948118697396
2.5	3.768625964486105
1.0	2.665862018580657
4.0	3.8371541217368335
2.5	3.2984787729939287
4.0	5.311547454918937
2.5	2.6991241083062567
2.5	3.9270605032559835
4.0	3.14902010550352
4.0	3.2912869259522837
4.0	3.3095390027204092
1.0	0.8257115080353855
4.0	4.406039749016612
2.5	0.8755736264059757
2.5	2.9699455403499084
2.5	1.1462408929693972
4.0	4.840545732354178
1.0	0.36802453628504994
1.0	1.4821861311660414
4.0	4.248799584413748
1.0	3.13765514402597
2.5	2.4384716759197347
1.0	1.210264970032092
1.0	2.2520999527938512
2.5	1.8042269147835004
1.0	1.1669505518938497
4.0	3.814455831866968
2.5	3.108174991475156
2.5	2.946912606898241
1.0	0.6056334073644258
1.0	-0.30178184041130085
2.5	2.078480317408653
1.0	0.03915134862761749
2.5	1.2767597339597079
2.5	3.6615562262688734
4.0	2.7811242139116095
1.0	1.9712962982289768
1.0	0.04284122480410979
2.5	3.9212368569867437
4.0	3.8465953927842254
4.0	1.9142345380907893
4.0	3.6827179415103033
4.0	3.9410854716463546
4.0	3.7903227706826828
1.0	-0.3501008487747015
2.5	2.556286757371762
2.5	3.19300353036292
4.0	3.1655714592437625
2.5	4.174330278635913
4.0	1.1809422869126234
2.5	0.3536044440515731
1.0	3.1442721637598288
1.0	-0.04413083752353297
4.0	4.061180904832188
4.0	2.8547856525593573
1.0	0.007133227055240776
1.0	1.8445908175548773
2.5	1.3541082637331028
1.0	1.9824432897592152
4.0	4.340591450814744
2.5	2.943635721485858
4.0	2.7700931039718864
1.0	-1.5210717967905882
4.0	4.093020850249691
4.0	5.853348073955711
4.0	3.784614218022146
1.0	0.7892097125953137
2.5	2.3526253049145454
2.5	2.750842650476515
2.5	3.243854910776314
4.0	3.978670452980896
1.0	2.3966428785455856
2.5	0.06741011669509867
1.0	0.6225966333615216
1.0	0.7469728359929588
4.0	3.2690030355649995
4.0	4.480172849758056
2.5	3.1285668649907388
2.5	1.067558945522424
1.0	2.364505532974599
2.5	2.1224182719928866
2.5	4.118535876898611
4.0	4.2857672214196185
4.0	3.323155139900612
1.0	0.4147931890862767
2.5	3.3598637835858254
2.5	3.1171480957345854
4.0	3.771125591532338
4.0	5.551901566655614
2.5	2.5381020712683378
1.0	2.1453596045367083
1.0	-0.5900571116126017
1.0	1.145875212011762
1.0	2.4198470968768007
4.0	5.002286793017048
1.0	0.6746973877019065
4.0	3.359797297301295
4.0	4.203293076601072
1.0	0.6970343580288672
2.5	1.965252322746566
4.0	4.126342429990138
2.5	4.968960514555311
1.0	0.20247195629632753
1.0	1.1247813191915592
2.5	2.6702677803481385
4.0	3.398302165673302
2.5	3.3566183820974542
4.0	2.526565130414265
1.0	0.5625271462802752
4.0	5.314752272729203
2.5	2.669246736454114
4.0	4.812735798644978
1.0	1.161364663660899
2.5	4.042039247109333
2.5	3.270159716541741
2.5	2.321679392529406
2.5	2.9426227164888488
2.5	2.5490217655300786
1.0	0.9916511916421628
2.5	3.657645004241335
1.0	0.5285658703508338
1.0	1.833442966334142
4.0	4.088727299679545
1.0	1.2651784933684511
2.5	1.3761584764419201
4.0	6.053805418863066
2.5	2.8141605576094952
4.0	5.197643527304701
2.5	4.003190246128294
1.0	0.9370142827543957
1.0	1.0405303017086907
4.0	3.0799222908598827
4.0	3.232149665269672
4.0	3.192219695320603
4.0	4.295632136530318
4.0	3.4272786552716568
4.0	2.7861210531980323
1.0	-0.31194754091102794
4.0	5.7395454204094465
2.5	1.8645959260496157
1.0	1.8024619460446416
1.0	2.696484333730952
4.0	3.749222765445174
4.0	5.317298528955354
1.0	1.8308754200513144
1.0	-0.2626977794275276
4.0	2.030405277366561
4.0	2.9269993330165893
1.0	2.362753087594662
4.0	4.30182999185495
2.5	1.6920623143341973
2.5	-0.3270116726624446
2.5	0.5680882985196927
2.5	2.3485290557661997
1.0	1.3210708885355866
1.0	-0.7176242004178033
2.5	2.217120013793818
2.5	1.117128569256036
4.0	3.220155913115998
1.0	1.2166103684787921
1.0	-0.5981690189134443
4.0	3.2565348137736514
4.0	4.324782989238186
2.5	2.8103795601228763
4.0	4.864164238799302
1.0	0.4243260209474108
2.5	2.712217229051113
4.0	4.8661973809417365
2.5	1.448441341512756
2.5	0.30611868041040324
2.5	2.024221892814669
1.0	1.865888901825526
1.0	0.15976831282398485
2.5	2.407323485863753
4.0	4.009169276210487
4.0	3.0575928341299146
1.0	2.8624723968478394
2.5	3.2090672821524464
4.0	2.601105387225949
4.0	3.441933513749894
4.0	3.287808037409518
1.0	0.5021876996465493
4.0	2.8418629576930208
2.5	2.702050970947229
2.5	2.7742875689047595
2.5	1.6475275873380302
1.0	0.62782346519998
4.0	4.63849252494153
1.0	0.13078198834814192
4.0	4.87377755768007
1.0	1.5413844465485425
4.0	5.222441708475131
2.5	0.983088061156054
4.0	4.360212560362091
4.0	4.673062372423695
1.0	-0.3251801035778592
4.0	4.303550994065391
4.0	3.313772294391266
4.0	3.0554186247314585
2.5	1.812988331882551
4.0	4.143156894339516
1.0	0.5261110968604539
1.0	1.0910004714059656
2.5	2.996094045167804
4.0	4.770397258864614
2.5	2.4754215207324313
4.0	4.770435615047097
2.5	2.843486760053307
2.5	4.5645197871080025
4.0	5.62079309946155
1.0	0.5052908586999805
1.0	-0.8177555666697596
4.0	3.8302146281422
2.5	3.280780084366933
1.0	-0.6339099796989964
4.0	4.699714847865813
2.5	3.153439236496031
2.5	1.5559668007962308
2.5	2.0753162009008017
4.0	3.200573577800377
4.0	2.8982671363763988
1.0	2.605563419086572
1.0	1.45335968994004
4.0	5.126859216952549
4.0	2.657650187422881
4.0	3.4842814986908706
2.5	2.3595194285513315
2.5	1.8582157874171994
4.0	5.162790980807009
1.0	1.6482240431826574
1.0	0.7954150903172568
4.0	4.954218422161631
2.5	3.9209118631165563
4.0	4.773502929117291
2.5	2.4889576017292647
2.5	1.7025734565419053
1.0	0.36893207911972403
2.5	1.154914907501557
2.5	2.1825203449476263
4.0	5.20988195393487
4.0	3.0546094741506984
4.0	3.1538667285583237
1.0	-0.6980075807801029
4.0	2.6270145741589994
4.0	5.8510442799522755
1.0	4.2308310057412575
2.5	3.3010935234026535
2.5	1.2718683198589427
1.0	1.7120856733591556
2.5	3.1831894086291195
2.5	3.353510480633397
1.0	-0.006813232409229597
2.5	2.0545036751463033
2.5	2.5572138568056193
2.5	0.8856102853708134
2.5	1.2976500677957432
1.0	1.465382185230803
2.5	3.216073214381827
4.0	5.647252828733897
1.0	1.110432798880122
2.5	2.5185540047245234
4.0	4.386440378215289
1.0	1.3368711836148417
4.0	4.442704067671465
4.0	5.1947880012155485
1.0	0.8014143869153463
4.0	3.6578255983750454
1.0	0.029723123910714522
2.5	1.5344397858340906
1.0	1.272597879862225
1.0	0.61710272105495
1.0	1.6275244531990587
2.5	3.9409781251926366
4.0	3.5261664058264883
4.0	4.567958884167009
1.0	1.4601893653589246
2.5	2.847344815420333
1.0	0.4220134493123766
2.5	2.5401234812720643
1.0	0.6884447334959287
2.5	0.8578181685012269
2.5	1.9766635922877587
4.0	2.6614822353455185
4.0	3.7900661773102895
2.5	1.78021428201974
2.5	3.1723564845771177
1.0	0.1136389316605454
1.0	0.5697399774884263
2.5	1.399052026341112
2.5	2.273161157529206
2.5	3.3010114501936694
1.0	1.8055791877320346
2.5	2.606786725814986
4.0	4.332390827529491
4.0	5.336207060048561
2.5	1.467019619577859
2.5	1.762347504142777
2.5	2.216507787929705
1.0	4.159597587578379
1.0	2.5090888874368433
1.0	0.756186995041367
2.5	1.7308327636588599
1.0	1.154419425374761
2.5	1.3132653108209158
1.0	1.6079985244423338
1.0	2.133308836764214
1.0	0.9032501207665116
4.0	5.7768769935877025
2.5	1.5397963561501282
4.0	4.210168875800457
2.5	1.7788970837045444
2.5	1.1785497698422864
4.0	3.337859336808246
2.5	2.438122350203788
1.0	2.144801581953894
1.0	0.6505048081198435
2.5	1.5657545747919293
4.0	4.197651132591403
2.5	2.2507640687111143
4.0	4.456042585230704
2.5	2.396089518099663
2.5	1.4770454907774768
4.0	4.9442218572245125
4.0	2.8997315050103882
2.5	2.393179571620266
2.5	2.55346773106617
1.0	-0.1741644539601257
4.0	3.1059661026886953
1.0	0.2571580769662489
2.5	4.406918633113172
1.0	1.2401405889482402
1.0	0.7438109580531072
4.0	2.828856905095277
4.0	3.282664931729338
2.5	4.36151126276894
1.0	1.3541651991175152
4.0	4.7844694063144315
4.0	3.8621814752161123
2.5	0.6648951664691405
4.0	2.8971364596941687
1.0	0.9769731671919892
2.5	3.084275051340125
1.0	0.07969826189337803
1.0	1.706517259677494
2.5	4.538610034672027
2.5	1.6261976843274488
4.0	3.733827732525249
4.0	5.045398190941889
1.0	0.08549324886795961
1.0	2.057961519163764
2.5	2.7401389025930962
1.0	-0.16299614627689918
4.0	1.9852065851053804
1.0	-0.34410538410854596
4.0	5.294672384540765
2.5	2.0235976745399573
1.0	-0.22973257235357836
1.0	1.5858555861257715
2.5	3.29493177001705
1.0	0.3211395617370646
2.5	3.0111959214130253
1.0	1.0814930212526357
1.0	-0.264676956111229
2.5	3.4229825227742365
4.0	4.684043350769134
4.0	4.4115298246115255
2.5	3.351211662842596
1.0	1.23937528986841
1.0	1.6754520747194828
4.0	4.903889814579934
4.0	2.181705250225125
4.0	4.817674779342459
4.0	3.8158196637579755
1.0	-0.8502834570707891
2.5	4.021241469520187
2.5	1.350049683192478
4.0	4.029226033006533
4.0	4.885859123736594
2.5	1.6525866903238087
2.5	3.902492897953573
4.0	3.5299761392301123
1.0	0.25805668879748356
4.0	4.725587610144688
2.5	0.9710777096463978
4.0	2.3248671795401257
2.5	1.7401577627960232
2.5	4.30436661191972
1.0	1.293254049472869
2.5	2.1410800735723434
2.5	3.517171262955314
4.0	2.5460907668800443
1.0	1.2543181882335228
1.0	1.323598650615614
2.5	2.405253537349914
4.0	3.92561479032105
1.0	3.5653809271292607
4.0	3.1946266798179175
1.0	1.389619313599032
2.5	2.317531617964257
2.5	3.468876907599279
2.5	2.779120236883584
4.0	3.2175317024028467
1.0	0.1968515382459709
1.0	3.6866555471650724
4.0	5.106989620006557
1.0	2.4206706992653864
2.5	2.259226995233105
4.0	3.0218990896734557
2.5	0.7135797804709556
2.5	1.391459496603433
4.0	3.5928088731152004
4.0	3.710292609264262
4.0	3.794425807641647
4.0	4.431206162398115
4.0	4.499550833881345
1.0	-0.20630254586860786
4.0	4.558776211034514
2.5	2.076816781172384
1.0	0.6478248351316889
4.0	4.301046998692691
1.0	1.4741474575951488
2.5	0.9462930871611765
4.0	3.7929562415451876
4.0	3.51127413578478
2.5	3.7543334048694637
1.0	2.4681115769606805
2.5	2.5589800146438217
4.0	4.695552367227177
4.0	5.053487040172445
2.5	1.113928858469139
2.5	3.359274235063455
2.5	3.8385050927381172
2.5	2.800348564051576
2.5	2.741517898290074
1.0	0.9105355025133482
2.5	3.047908752975649
4.0	4.685018014315139
1.0	0.9761828064912134
2.5	2.0843575984802274
4.0	4.768861488511697
2.5	2.750946290555524
2.5	2.982585606154282
2.5	3.24721210583601
2.5	1.9625313523615786
1.0	-0.3465778740055012
4.0	4.012276896349975
4.0	4.814454613619989
4.0	3.6729565521077427
2.5	2.8426858866531903
2.5	3.020664185187448
1.0	1.055683532878283
4.0	4.059842431982626
4.0	3.677465490469614
4.0	2.057741029586637
4.0	3.320262759346311
4.0	4.807961167036257
4.0	4.832266523222594
4.0	2.0918421153106537
2.5	2.9800361711356977
1.0	1.5884263418355498
2.5	4.302209072735015
4.0	3.5901052740258477
1.0	0.8878219192361997
1.0	1.7867649648846609
1.0	1.7093820644581543
1.0	1.5913821876399377
1.0	1.6759634853255778
1.0	0.168744381516843
2.5	4.723781354517277
2.5	3.080747392714085
2.5	2.8846571882655057
1.0	-0.03391399241290749
2.5	2.8286674526767532
4.0	4.947581017283641
2.5	4.360867015838169
2.5	2.073021588700441
4.0	3.8952823679947524
4.0	2.7006505599558412
1.0	1.3997580790347535
1.0	0.008498141179884566
1.0	-0.3112746831876043
4.0	6.215259026782189
4.0	4.4700275108726055
1.0	1.3937351813681274
2.5	2.9884130169444996
4.0	5.005251169298562
2.5	2.421095132464749
2.5	1.938837523588325
4.0	4.94650649140573
2.5	3.1303475243951633
2.5	0.3942451261879003
2.5	1.398403885896305
1.0	1.62189828480606
1.0	0.9166882138805046
1.0	-2.1856811961581366
2.5	3.194123858856109
4.0	5.274644989806167
2.5	3.9632290733017443
2.5	1.7997908895445507
1.0	3.467636340960452
2.5	2.006773229052378
1.0	1.1721322204425697
2.5	1.4960734495675623
1.0	-0.11834156509011828
1.0	-0.09334913350381102
2.5	3.3401038058969537
2.5	2.3891042234720854
4.0	2.3803370492172404
1.0	0.9864651122510494
1.0	1.655939323628623
1.0	1.1337477446927589
1.0	0.6623808323637572
1.0	-0.3659704733029885
2.5	1.6387854865105211
2.5	3.2271673699383476
2.5	2.4071477183377015
2.5	2.780402606873551
2.5	3.9091836481810613
1.0	-1.3611575230491586
1.0	2.7233807290502456
2.5	0.7711996132213583
1.0	0.19669118028317012
1.0	1.47088776585138
4.0	3.098249198865415
1.0	0.04676517584842976
4.0	3.647599331852287
2.5	4.587571311157113
1.0	1.0813039354355924
2.5	2.0679596227312373
2.5	4.199041216232198
4.0	4.203287729075376
1.0	1.0450374627132208
4.0	3.145315430533168
1.0	1.1633859344670237
1.0	1.6051192852144713
1.0	-1.2131325293057125
4.0	1.4430538606728271
4.0	3.9703239793565626
2.5	3.2439837419201476
2.5	2.298719742092915
1.0	0.38655274613721513
4.0	2.761505453911854
4.0	3.370363186465975
4.0	1.0288300811672455
2.5	1.0847899466868518
4.0	3.477276858833818
4.0	3.154635745054145
4.0	5.700521473905757
2.5	2.4005791926727804
1.0	1.8402304649311922
4.0	4.806076484041967
2.5	1.8094889706888724
4.0	3.3529540465416843
4.0	3.2696843954893033
1.0	0.6754300523912886
2.5	2.1946756182395815
4.0	3.960260742754879
4.0	3.9901802584063746
2.5	2.355874231905963
2.5	2.878766420877519
1.0	3.837781739763638
2.5	1.3036833788798976
4.0	2.0073134256986123
4.0	4.750506206147724
2.5	4.808726008868089
4.0	4.065026083435705
2.5	1.9029109145021512
4.0	3.7842765309658817
2.5	3.117734567134833
4.0	3.468477374838483
1.0	3.157832014823439
4.0	5.893534749392645
4.0	2.8250626698256083
2.5	1.6088603676889541
2.5	2.8934341316963668
4.0	2.8347175089153556
1.0	0.9505310970436867
2.5	1.2211746035698958
1.0	0.4141217668225877
2.5	3.661752974223285
1.0	1.552123183037022
4.0	3.6889828881591145
4.0	1.699825619792367
4.0	4.142610109428737
1.0	1.009710388783712
1.0	1.7911632858259652
2.5	2.0163450444101874
2.5	3.9118081663019213
1.0	0.8173432474296847
4.0	2.5647878245461992
1.0	0.486330688239175
4.0	3.129813417693202
1.0	0.5257499677814494
4.0	2.543260981590893
4.0	3.9680097943887356
4.0	4.141117225069692
2.5	2.3921289293052754
2.5	2.988155775790846
2.5	2.787682738188088
2.5	2.9798132741670402
2.5	3.408406035679119
4.0	5.102386323299303
1.0	0.6911637231573361
1.0	1.2189853390330194
2.5	2.5855382535365217
2.5	2.660695617759433
1.0	-0.7412295679578487
4.0	4.967786192219717
2.5	2.7290019289140464
2.5	1.8640902930027967
2.5	1.9201471592236414
4.0	1.8469254212328745
2.5	2.978315884835531
4.0	4.444995202204065
2.5	0.781785994388577
2.5	2.7506126323160798
4.0	6.448992424960192
4.0	3.6783416499592616
2.5	1.094419490318938
2.5	3.435632489390946
2.5	2.512795286345245
2.5	0.7189458651129412
4.0	2.641758003795759
4.0	2.0946559550426054
4.0	3.4879684281186885
2.5	2.4440701682529817
1.0	1.2514894924820765
4.0	4.998697871246952
1.0	0.26899537752742864
1.0	1.4802620347712234
4.0	3.295458445998597
1.0	1.0541587072522012
1.0	0.5734000049026005
1.0	-0.20723736636939027
2.5	3.8600833128088725
1.0	1.9440779556390193
1.0	2.1887928752877173
2.5	1.3458436852283133
2.5	0.9050256780392711
1.0	-0.047235397798736534
4.0	4.147819883118383
2.5	3.5421813516109566
1.0	1.0529891544074936
2.5	1.4728705173241547
4.0	3.0534977299682797
1.0	2.5114369907703322
2.5	2.569405550876807
2.5	3.916537706085718
1.0	1.396643312274704
4.0	2.4703962622618363
4.0	2.3273294038047503
4.0	3.631589849089506
4.0	4.446425406955453
4.0	3.290932060167279
1.0	1.5245599335414393
4.0	3.694544624732422
2.5	2.472615408902538
1.0	0.03302188578575682
4.0	4.440274188386792
2.5	2.1771947505027556
1.0	2.8898945166887726
1.0	0.781295381589065
1.0	2.3211348338660014
2.5	3.05997684365056
4.0	4.352391587642137
4.0	4.7101712181828415
4.0	2.8375182117777547
2.5	1.199894802214685
4.0	1.7882976567723952
4.0	3.509745619714904
2.5	3.5864210326710344
2.5	3.7846897084460362
2.5	3.97960328640168
2.5	2.0481415294290892
1.0	2.827350525919302
4.0	4.880311867273068
4.0	4.737680725269161
2.5	2.1575835722700027
1.0	1.2572633269325704
1.0	0.5656943476696201
1.0	2.8907614662207304
1.0	1.6883496989205422
2.5	1.1694110571423797
4.0	3.857386187312667
2.5	2.330304255783883
2.5	2.912424752054906
4.0	3.859514109290105
1.0	0.06829296119409856
2.5	1.8268053398478408
4.0	2.6991282932557343
1.0	-0.10547012883668638
2.5	2.7305740911295913
4.0	2.6394793522559223
2.5	2.635005810574854
1.0	-0.7806188602552491
2.5	4.426480809679074
4.0	3.293888327841798
2.5	2.083008857865095
2.5	0.4839344932441212
1.0	1.9932322082301956
4.0	3.307947555667808
1.0	0.7487285937778387
2.5	3.299010118796552
1.0	1.194431385275716
2.5	0.9407404539004685
4.0	4.151424170743878
1.0	1.4972146403218756
4.0	4.306720335050656
2.5	3.262897738401046
4.0	3.5140104485920487
2.5	3.890927048304544
4.0	4.367315758181435
2.5	2.056083318136914
2.5	2.054991765412828
2.5	2.152603316771529
4.0	4.589259047926715
4.0	3.2245851089636894
2.5	1.1892393608627394
4.0	3.005611826971608
4.0	5.004418160572501
2.5	2.9221249228775568
2.5	2.632993917500646
2.5	1.3557758565805103
4.0	3.8598436238919422
1.0	-0.002741020912617076
2.5	3.584114127637126
4.0	3.4202593460957793
1.0	1.37060193757166
1.0	2.049516771615834
2.5	1.9796040396910615
4.0	4.034594258649834
1.0	1.012298855169755
4.0	2.976155916914252
4.0	4.066485920724095
4.0	4.437123892133915
1.0	0.48283050194431754
1.0	1.8808381595032833
1.0	1.63643040039652
2.5	3.608104353369595
4.0	4.191524751405726
4.0	3.830607006793794
1.0	0.8246154988457614
2.5	1.4905560468440475
2.5	1.5033495915931294
1.0	0.6354968495377997
1.0	0.5008775595032877
4.0	2.824723813074878
2.5	4.953781328626063
4.0	3.887440300157502
2.5	3.606989740790464
2.5	3.506051758528659
2.5	2.2341016975018517
1.0	2.083793931116177
1.0	0.20254279254688012
2.5	3.0241198446957425
1.0	0.8652578004612499
2.5	3.359467354275018
4.0	3.9542695906579013
2.5	3.243878002514095
4.0	3.888507697174416
4.0	4.349118187962573
2.5	0.35317316441933144
4.0	4.353259455093957
1.0	2.8498561905897004
1.0	0.4369978540918681
4.0	3.9987222071549877
1.0	-0.17210496416280407
4.0	3.9632867531068965
1.0	-0.06369226415172902
1.0	1.675909007952552
1.0	-1.3691984335474823
1.0	1.0069571258815888
4.0	4.373803580600765
4.0	3.8386815963673557
4.0	3.4420573440913933
1.0	1.631815584635084
1.0	1.2978626129333135
4.0	5.00320115172476
1.0	2.3516928843856073
4.0	3.9640898195512735
1.0	1.1031455184071477
4.0	3.4407227136936145
4.0	2.675396790010878
2.5	3.392555114665221
2.5	3.2464008861248206
1.0	0.845153417260449
1.0	1.3452089815632255
2.5	3.699975347261628
2.5	3.081151988638256
1.0	1.4226416985817996
2.5	3.7966531041920595
4.0	2.449930160307855
2.5	2.6708116592530873
2.5	3.4337580058767005
1.0	0.6705692709830033
2.5	3.9751455060227237
2.5	0.6557374723042111
4.0	5.557479123053488
1.0	1.0036258579993897
1.0	0.6872769993706788
1.0	1.3049271814529217
4.0	3.1967869003702853
4.0	2.9927354570810225
2.5	2.7822366856214837
2.5	2.767283151900502
1.0	1.6084468715922684
1.0	0.2880241172509681
4.0	4.0834715732491045
1.0	1.1549037197439176
1.0	0.7715736518703133
1.0	1.1096504804127736
4.0	2.6823712056134315
4.0	4.65556106758023
2.5	1.172430567031922
2.5	3.7569765383786513
1.0	1.4715012985985025
1.0	0.7572162120757724
1.0	1.6572375611589811
4.0	2.083983056727395
4.0	2.435554544984507
2.5	3.4084206721449566
4.0	3.22233176796656
2.5	2.2938973385779167
2.5	1.8091803382922054
2.5	4.35102083915682
1.0	1.4452072430335718
4.0	4.781174439460492
4.0	3.4170341411920377
1.0	0.8364928577520074
2.5	3.6764826686951735
1.0	0.5960328708204166
2.5	3.1022864386775657
4.0	3.9855448612732034
1.0	1.600035433443363
1.0	2.159197051460848
4.0	3.0651489722590113
1.0	0.5683650205748869
4.0	5.07544656691533
2.5	2.3934579489155445
2.5	1.8410269993003232
1.0	-1.2072219883829294
1.0	-0.20238721462505516
4.0	3.1054278309652883
2.5	2.298260138073358
1.0	-0.29159429646577095
2.5	3.873952029443668
1.0	0.39655178659817414
1.0	0.7753487093571866
1.0	2.0711867473720855
2.5	2.0979608874564932
1.0	0.6306660399382529
2.5	0.5607788699293519
4.0	4.279558491067652
1.0	1.219998158654647
2.5	2.3974588678162223
4.0	1.3401055450525905
2.5	2.0882724499805634
2.5	4.135984973518217
4.0	3.4655903977803835
1.0	-0.032173296378605
1.0	0.16623757549767637
4.0	3.317978904193873
4.0	4.737286349854615
1.0	0.40602004205014564
1.0	-0.3864816658253396
1.0	0.9183252897048014
2.5	2.5919512221169216
2.5	2.14714600507314
1.0	2.570641926287064
1.0	0.8411385531656222
1.0	0.4378474300910268
1.0	0.5227797200414523
2.5	3.4793242230597183
1.0	0.41404213033107595
2.5	0.22087647621904827
4.0	4.625160996383298
1.0	-0.3751082491739117
4.0	3.844277581743207
1.0	2.4331845477451965
2.5	2.943454811901728
4.0	4.934099770697025
2.5	1.9250391799220345
4.0	3.557136713739625
4.0	4.893112750134219
1.0	1.7698190243715004
4.0	1.8941586043147267
2.5	3.620627714546565
2.5	1.8365779566786342
1.0	0.7499683811710249
2.5	2.2235209482650387
1.0	-0.708110737540171
4.0	4.443330920650521
2.5	5.189344350130192
1.0	2.891156983795593
2.5	1.1801504590384269
1.0	1.7532400211757513
4.0	2.453439510197039
4.0	3.6151714939649224
2.5	3.154271830918052
2.5	1.347097535657453
2.5	2.719054300897821
1.0	1.2827236586964565
1.0	-0.9493902989545364
1.0	1.2971443325022243
4.0	3.6374474553968557
1.0	0.4694425182397479
2.5	1.8719714524018762
4.0	3.427171993800909
4.0	2.254742254542154
1.0	2.03263843745935
2.5	3.233203956516901
4.0	4.152478974375826
4.0	4.117563119770845
4.0	3.7449086789429
4.0	5.1775911351398065
2.5	3.091399793833554
4.0	4.257285147061574
1.0	1.5630167070563619
1.0	2.130752846257864
4.0	4.854135049716534
2.5	1.9212030116820262
2.5	2.6077957775218574
2.5	1.7171327663596
2.5	1.2880909901289133
1.0	0.699118220690435
1.0	0.7143118166111952
4.0	3.580380768459955
4.0	4.995968352729609
4.0	5.135560290845118
1.0	1.5206868095802346
4.0	5.257773812362176
2.5	3.9452482098145936
1.0	-0.17966536622720164
4.0	4.764058852192375
4.0	4.602428760573814
1.0	0.7629410458032133
4.0	2.774292625893782
2.5	2.400414896273955
2.5	2.6025837058552055
4.0	3.4055934542416937
1.0	1.3388226460031307
2.5	3.393517602263851
4.0	4.975368595063557
1.0	0.5845573873635801
2.5	2.939410169544375
2.5	0.4125994835294877
2.5	2.4270360566894933
1.0	1.259564890837559
2.5	2.795961480595506
1.0	1.1697734794380306
2.5	2.737206474903322
2.5	2.435857322881598
1.0	0.9818337483611576
4.0	3.382370942462268
4.0	1.8928236399960188
1.0	1.2753401940700417
2.5	2.6039772649625412
4.0	3.359599897937919
2.5	3.042815668730057
1.0	0.5381333902774275
2.5	0.8150533019441402
2.5	3.366930881903949
2.5	2.0981253928811636
2.5	3.182812237124712
4.0	4.524804791702934
1.0	1.6341491881479158
2.5	1.8202047201302995
4.0	5.6938715036652905
4.0	4.817689916866197
1.0	2.0561839221641867
1.0	0.8385568717649546
2.5	2.4833445637849625
4.0	4.567426455433954
1.0	0.6363105465419492
1.0	0.448027918282487
2.5	3.442999254673942
1.0	0.5976303324320021
4.0	2.692623858162671
4.0	4.303640488007126
1.0	1.9574501271951943
2.5	3.090210856564903
4.0	4.617083604427958
1.0	-0.1692659047240006
2.5	2.47245687238379
4.0	3.490015502591148
2.5	2.7643893240671575
4.0	4.525721244718891
1.0	1.5880768078538159
4.0	2.2796955390616516
4.0	4.9435849208867655
2.5	3.2932736055578946
1.0	0.6935843939684304
4.0	3.1565479846878923
2.5	4.731212917550605
1.0	0.8682763913641439
2.5	0.965250625687271
2.5	2.118147432700233
4.0	3.737969873329834
4.0	3.843645994624906
1.0	0.890319560353516
2.5	1.7014841592800476
2.5	3.863396536601843
1.0	1.0985158517557876
2.5	0.7159614717737561
2.5	3.341569428878489
1.0	0.6795615533881467
4.0	4.859102444412288
4.0	3.130792348464008
2.5	1.8577562904327483
4.0	3.755076000037635
1.0	1.5091289433948114
4.0	3.2702404251669535
4.0	4.941488006729782
2.5	3.077395034671758
1.0	1.1731268302715796
1.0	2.9064793951964445
4.0	4.905129423197834
2.5	2.773825703080578
1.0	2.2576642839818932
2.5	3.3861200112068093
2.5	3.0584008512219483
4.0	4.191493643772889
4.0	3.4021280710589
2.5	1.5420973252737056
2.5	3.7889081152108393
4.0	2.464553668195282
4.0	4.137441816388727
4.0	4.722596339811293
2.5	2.6279023171731097
2.5	2.002796538120116
4.0	4.929952016187238
1.0	0.39869960163289864
2.5	2.7179610787814714
2.5	2.6440243359761224
4.0	4.548793915470356
2.5	2.5105172247900587
1.0	0.6549362057590715
4.0	2.0317596077576767
4.0	3.682307675609723
2.5	1.711360806834687
2.5	2.04934804858932
4.0	3.4804794981520253
1.0	-0.010480995212384103
2.5	2.9706038781358695
2.5	0.40615928268633006
1.0	-0.8606105817055825
4.0	3.9865497505580714
1.0	0.81729511913895
2.5	2.2589170186602296
2.5	1.5453233828123716
1.0	0.40350489494228736
1.0	1.0440200957808345
1.0	0.5207752351794411
2.5	0.16838867061038787
4.0	5.704442040910792
2.5	3.440544358764446
4.0	3.285667428473915
4.0	4.445166420128431
1.0	1.8310798304763698
2.5	1.2295865462531588
4.0	3.8542630875882713
1.0	0.2623808738842033
1.0	-0.5834714618576933
2.5	1.9343796836027407
4.0	4.246622671224119
1.0	0.6352298439356342
1.0	0.3844475303788837
4.0	4.16067749758704
1.0	1.7791283881699609
1.0	1.9106184122646748
1.0	1.112814334900972
1.0	0.027298805051550912
1.0	0.9768406478645223
4.0	5.642916333791407
2.5	2.9520617188532956
2.5	2.14929623916671
2.5	1.5631197453714425
2.5	2.1640997983104446
4.0	2.590134067851203
4.0	3.39504468223352
1.0	2.219637551711897
1.0	0.9046684734244208
2.5	1.1689057684951007
4.0	3.703505275633576
2.5	2.866864993814905
2.5	2.8360327766828806
4.0	3.497108588527241
1.0	0.6622096256289098
2.5	4.248331299104189
4.0	3.8792871556292976
1.0	1.7590906475001526
2.5	3.008503176599011
1.0	-0.12330844846848876
2.5	3.487064634789834
1.0	1.381795160973848
1.0	0.3745700588128513
2.5	2.368580568081174
2.5	2.2892377530538455
2.5	2.9731945141130036
4.0	2.9902617962328124
2.5	3.397783293466821
4.0	4.044921206788284
4.0	4.496630406815119
4.0	3.8045406168416203
4.0	5.864499852370337
2.5	3.055474483703799
4.0	3.911770868613374
4.0	1.9821617050690596
1.0	1.2732568375893971
1.0	1.5385191441007455
2.5	2.650211503221726
2.5	1.386498378840044
2.5	1.8306144961953872
1.0	3.6246020135064683
4.0	1.655674690395561
4.0	2.0489921678444594
1.0	1.5151782124310742
4.0	3.7675890369573186
1.0	1.0354038375141947
4.0	3.9041953515387653
4.0	2.5841156544675865
2.5	2.708678557439886
4.0	3.9367722383022543
1.0	0.4752324158350091
2.5	1.5793987087628154
2.5	1.7965700938302018
4.0	4.220900801617028
4.0	5.491047145089016
4.0	4.8183926640402195
2.5	2.3522105651848433
1.0	0.6506169519133247
2.5	1.8351005811690029
4.0	4.618754702022086
2.5	1.0740607770372785
4.0	5.607737550607559
2.5	1.578965795912016
1.0	0.47603131683882083
2.5	2.108152140587548
2.5	2.1739948566572687
4.0	5.800548936271529
4.0	4.217150809176501
4.0	4.241971614386094
2.5	3.0947850138549646
2.5	2.20907520658977
2.5	1.6283645383380119
4.0	5.196441410581014
4.0	3.801640301095544
4.0	5.0716226209682205
1.0	1.7683487201842378
1.0	0.542167814862917
1.0	1.6633024800257155
4.0	4.524312550658895
2.5	3.2080322573704194
4.0	5.383785169773859
1.0	2.0413597719939025
1.0	1.3632951407855973
1.0	1.5843341421115165
1.0	1.0486172293987746
4.0	3.2233402296344282
1.0	1.9221775767013034
4.0	4.1789212761538215
1.0	0.9122818799832368
1.0	0.16594169298019112
4.0	3.1231906597727543
4.0	4.481990372031236
4.0	4.678733853227885
4.0	4.166296870142969
2.5	2.7758998983470153
2.5	2.5558596719546673
2.5	0.7096627271749598
4.0	4.468696105914722
1.0	-0.16006577417351942
4.0	3.523524286567313
2.5	1.6134458455843177
2.5	1.1944054585123305
2.5	1.0131962229109372
2.5	2.765856154551243
4.0	1.9036682842797976
4.0	4.935773163716011
4.0	4.381620143222994
2.5	5.46587786958848
4.0	5.83798298113646
4.0	3.9621975390118127
2.5	1.1241442465425877
1.0	0.9201397850801553
2.5	2.0239924675169
4.0	5.223088731040125
4.0	3.8855180675443206
4.0	2.8196523537331375
1.0	1.9810195220839422
1.0	0.4606089859162096
2.5	1.8254742968028181
1.0	2.2258264781924013
4.0	4.327393239373137
4.0	3.276290221068279
1.0	1.9929565940476608
2.5	1.7004007662517537
4.0	4.107150794628968
1.0	0.8665928850933347
4.0	2.563393760860772
1.0	1.556513523838251
4.0	2.0053194221241366
1.0	0.6802078096823612
4.0	4.133623831050572
1.0	1.0522060869696126
4.0	3.9680164442872585
1.0	0.398472394315624
4.0	4.361975114344964
1.0	0.8528089096369054
4.0	4.776721386591243
1.0	0.5606427418902225
2.5	2.038217617124657
1.0	-0.14939420284861038
1.0	0.42161795211780184
4.0	4.960316541583504
2.5	2.7146437926824727
4.0	1.9973410332775519
1.0	1.1854859957151158
1.0	-0.05555992593488268
1.0	0.2167155947674606
2.5	2.646466256962412
4.0	4.015114210320733
2.5	1.6273101071358018
2.5	1.8330565938674086
1.0	2.608394147077149
4.0	2.70831724931918
2.5	4.213081377512198
1.0	1.5550969172091684
2.5	3.1378831963489446
4.0	3.0120680089191807
1.0	0.7428671980919145
4.0	3.32855467606858
4.0	4.9188840536411735
1.0	0.1580863360146818
4.0	3.5342156371675593
4.0	3.857660513661921
2.5	3.6096491780529067
4.0	2.3523522963432266
1.0	1.5936182082163
1.0	0.11345556920132438
4.0	3.646252759624502
4.0	3.8816953859315544
2.5	2.3997183480663327
2.5	0.7190981906317864
2.5	1.7162509833407267
4.0	3.2692241444378496
2.5	3.661035056986412
1.0	-0.8374284382464374
2.5	3.2668306231235817
1.0	0.40705246594832245
4.0	4.058535791114979
1.0	0.5332264981338259
4.0	5.263812553202973
1.0	-0.5638783363407518
1.0	1.4038405575114667
4.0	6.299084996842572
2.5	3.1027188369659946
1.0	0.7011698658279804
1.0	0.6881601207142605
1.0	2.016600650418601
1.0	0.41167857046901646
2.5	1.9765504694627705
2.5	1.4268287688047046
1.0	-0.078520350829266
1.0	-0.17857477298868174
4.0	3.8929822741214077
1.0	2.347340087731596
4.0	3.695865053065837
4.0	2.074841076350426
4.0	3.6256287445274626
4.0	3.8248586090459877
1.0	0.47146389468330385
4.0	1.9200311436485005
1.0	0.6771766306853191
2.5	1.8343127018291705
2.5	2.3394063566631145
4.0	4.012530628022128
2.5	2.219649586637537
4.0	4.25518994168786
1.0	1.2528420045994828
4.0	3.4880484433936463
2.5	0.9875822927183768
2.5	1.8838920465766003
1.0	1.6877942110632356
2.5	3.9942515434364223
4.0	4.472466765688151
1.0	1.3057960254074579
2.5	3.4469903337169296
4.0	4.135198255831984
1.0	1.4524144234700973
1.0	0.7036762440522573
2.5	3.5524948411265873
2.5	4.4736192991737935
2.5	2.534124181688745
2.5	3.3980949706315355
4.0	3.59610905379283
4.0	4.851195987825185
2.5	3.6943645329223074
1.0	1.4782269524613785
4.0	5.134393787671408
2.5	2.830936308032801
2.5	2.6521595529085866
2.5	2.793710405803178
1.0	1.9350463578734005
4.0	2.4360441488622735
1.0	3.0790121093879206
2.5	4.118321249684621
2.5	1.919931167373556
2.5	3.632194122400133
1.0	1.3736107458901343
2.5	3.8336777827881683
1.0	-0.1728848065665558
2.5	1.8945577976667862
4.0	3.1134241224318053
4.0	3.3504446096364844
4.0	2.069920028502456
4.0	3.5385833117351178
1.0	0.48681561989216604
1.0	0.7908334541416706
2.5	2.2871728008270042
4.0	4.1919493005057715
2.5	3.7650363429612357
1.0	2.035101996870826
1.0	1.2021765908385775
1.0	2.0366770462937787
4.0	1.1623916200588038
2.5	3.6767698922237386
4.0	4.316830121710348
2.5	1.9690497344991567
2.5	3.1818789688143068
1.0	1.340985546125229
2.5	2.268188702119141
2.5	2.3590146248009116
2.5	1.7386558513723689
4.0	3.2871953029741734
4.0	4.098431013649864
2.5	3.0828978436780954
4.0	2.3104470129227375
1.0	1.089622682439841
2.5	2.5574987848129984
1.0	2.5792890052437416
1.0	1.565613061302971
1.0	2.3421460471690074
4.0	4.975133821120986
4.0	5.496240808679366
2.5	2.1618952861002976
1.0	-0.04972997129508783
2.5	3.069967679249457
1.0	1.6282731708543754
4.0	2.921410647436465
2.5	1.8239422397992333
2.5	2.799685200619718
4.0	5.296389123510991
4.0	3.935260374223204
1.0	1.5543691141367253
2.5	1.1950945469909702
1.0	0.6204389514704725
2.5	1.8514389815410763
2.5	3.3541595722521054
4.0	3.495425236035907
2.5	3.998182460548935
1.0	1.728066110548232
1.0	-0.09852623821603279
1.0	-1.5349121926291458
2.5	2.7482810625569147
2.5	2.2658487285973488
4.0	2.297687896665402
4.0	4.943311941063182
2.5	2.4624000595700712
1.0	2.939541588115058
1.0	0.771780470393048
1.0	1.2765201057823603
4.0	3.278519064317313
1.0	0.6684948664481659
2.5	3.885376247973104
2.5	2.7930926797830944
2.5	2.7969099692708976
1.0	2.422216149634912
4.0	2.660885229877657
1.0	1.5675428371350149
2.5	2.486069754441866
1.0	-0.13045544840345302
2.5	1.2358384910175966
1.0	0.14448424027640683
4.0	4.190892378004679
4.0	5.101411184800082
2.5	2.563684065765198
4.0	3.9860911457544526
2.5	2.138932337121795
4.0	3.4826965958044482
1.0	2.736163202777773
1.0	-0.4289656293230333
4.0	3.2046169524464996
1.0	1.384064491728453
4.0	2.5896757087385986
2.5	1.699342496992263
1.0	0.5093626437450343
1.0	2.3649646093535273
4.0	2.959187589877331
4.0	4.279452060321549
1.0	1.7504497316687875
4.0	4.140021928608678
4.0	5.4656762539467305
1.0	-0.05696649315354918
2.5	1.8504778863032887
4.0	2.468252457336126
1.0	0.8433651623547881
4.0	3.0267674744255357
1.0	2.691297203160565
4.0	4.657497176257902
4.0	3.6771734701082446
4.0	5.666939740896939
2.5	3.225764619008251
1.0	-0.8473217646591258
4.0	2.657222531519963
2.5	2.070722737371145
1.0	1.7857856572415707
4.0	4.493269394711661
2.5	1.2840985677109102
4.0	3.2139649604647005
2.5	3.3216468672950747
1.0	0.46358538825468676
4.0	6.318836899645588
4.0	5.14338669074348
4.0	4.664802871467617
2.5	4.129655125604587
1.0	0.34020493454368994
4.0	4.431415811027476
2.5	1.5670791991356094
2.5	1.9094188810436896
2.5	1.6422468117485702
4.0	4.98779994310912
2.5	3.507399578383154
4.0	4.07387598161311
2.5	1.6533124509756696
1.0	0.09920694740703084
4.0	2.95608712240523
2.5	1.8816284289414424
4.0	4.53444108612865
2.5	2.304411598337129
4.0	3.9960507647233334
2.5	2.3364223564281925
1.0	0.5674788700029463
4.0	4.299542045863277
4.0	2.6916133129000612
1.0	0.6869266462837746
2.5	0.29241671243941303
2.5	3.620239648269103
1.0	2.8406103301011827
1.0	0.8642608550419966
2.5	2.2828785621501857
1.0	0.8875647126602182
4.0	1.649863968656637
2.5	2.5577439955924914
4.0	4.686939955238433
4.0	3.8842618389917747
4.0	2.855404913626277
4.0	3.914206975913474
2.5	2.5552300337503424
4.0	5.933796958732108
1.0	0.22374809742893143
1.0	2.7007719294087074
1.0	0.6062687328259168
1.0	0.18918677698998354
1.0	0.08324748430916162
2.5	2.895746020104097
1.0	3.5729646465561586
1.0	1.6672657897713505
2.5	1.9172394630642715
2.5	3.13607763706303
4.0	3.1258681899604945
1.0	0.39691332668147605
2.5	3.9037830329134415
2.5	3.3420307931051814
1.0	1.2552392708003872
4.0	2.948044874417528
4.0	2.3629037575589598
1.0	0.782130924266448
1.0	2.539484001274059
4.0	2.669318934242817
2.5	3.3213814107426716
1.0	-0.17231249517819358
2.5	2.8286243880613204
4.0	4.085679533475603
2.5	2.781293227779617
1.0	1.2006679367745903
2.5	1.3368473380488983
4.0	3.156873538557307
2.5	2.976192521162909
2.5	2.126086877645599
1.0	0.43149038610259427
1.0	1.0243814424017212
1.0	2.725774404326274
1.0	-0.815803933379873
4.0	4.5862416895713185
2.5	1.5393620783651913
4.0	3.030795343802568
4.0	3.7472602893966154
2.5	4.207257196109731
2.5	1.6859613340071098
4.0	3.0238011763281656
2.5	1.876795259806368
1.0	1.8173216523517928
1.0	0.9979398115077067
2.5	2.117422135172013
2.5	0.860968142390276
1.0	1.7154367139534292
1.0	-0.048344926759381845
2.5	2.0244562880594703
4.0	3.8850052904108274
4.0	3.20485674129895
1.0	1.404973620520418
1.0	2.4847995566370384
4.0	3.401261190176882
4.0	4.089681414647299
4.0	1.8744590824834098
2.5	1.8287007826547068
2.5	1.2571707328705455
4.0	4.4518801236742025
2.5	2.502116378493488
1.0	2.838246715566809
2.5	0.3794732220374639
2.5	3.154471159070245
4.0	3.801060507130567
2.5	4.26576118313517
2.5	3.032245841077549
2.5	3.177239162664856
4.0	3.436472150492501
1.0	1.241441380084992
1.0	1.4814087305826458
1.0	0.3159213045461099
1.0	0.1414162111229813
2.5	2.3889535585108166
4.0	3.8772398202949048
2.5	3.2371346435586963
1.0	2.3762532087317356
4.0	3.3832896516040982
1.0	1.0914120498693842
1.0	1.6785880224310898
2.5	2.442432780553957
1.0	0.43746276801474915
2.5	3.8774541624314205
1.0	2.1134847018653153
4.0	4.745954811718882
4.0	2.3690136127772004
4.0	2.6188563045648596
4.0	3.7809960996245637
4.0	4.123218515890232
2.5	0.7072129990717118
2.5	2.7677662852796434
1.0	0.6331536392472931
1.0	1.1210972912291919
2.5	1.6699199553977875
2.5	2.5698696884707855
4.0	4.201034916992491
1.0	0.8591866145519717
1.0	1.0417873059354037
2.5	3.2245148401898027
4.0	4.455056581634202
4.0	3.387351387193621
4.0	4.340679003767608
2.5	3.60577878967496
4.0	3.346325381137308
1.0	1.899827356897457
1.0	0.06671401509337682
4.0	3.4049414450005746
4.0	4.10615886196433
1.0	1.0577509554474036
1.0	0.6317189024445287
1.0	-0.22682112453255998
1.0	1.3579285426226324
4.0	3.5173823148541272
4.0	5.5148841871045216
1.0	1.2521509657556367
4.0	3.8882090818531916
1.0	2.8590301490695955
4.0	4.105042758347053
4.0	4.318906276420967
2.5	2.768250077070415
4.0	5.075966608565592
1.0	-0.742833659796843
2.5	2.4252728476520047
4.0	3.775198664708724
4.0	4.287591249302631
4.0	3.5667681727253204
2.5	1.2029862603177837
2.5	2.789967786708756
2.5	1.4887729473349067
4.0	5.604352128414606
2.5	3.0038621284294473
1.0	1.0885388477284907
4.0	2.903790749682593
4.0	3.1245998741832293
4.0	4.841669115720164
2.5	2.0058306362756264
2.5	1.4469070423259744
4.0	3.8809641358655593
4.0	2.7736189024568096
4.0	6.887531834331717
2.5	2.8541309582792675
1.0	1.0537524589739466
4.0	4.485292515492545
4.0	2.6196215229379725
2.5	2.4236685683560375
1.0	1.0148849829435425
4.0	3.171907304092029
4.0	4.684422340435502
4.0	3.7435819931049688
4.0	3.525312924225504
2.5	1.1552282619004457
4.0	4.567001639298393
4.0	3.2959664061969822
2.5	3.5289691284692943
1.0	0.1193015926499853
2.5	2.8187369537174116
1.0	1.5120406125289563
2.5	2.8598033760828776
1.0	0.6064034522387818
4.0	4.3015051417830525
1.0	2.219139039141157
2.5	4.233725271840816
2.5	4.834164963740982
2.5	2.028618221512755
1.0	0.3498500077067377
1.0	1.6437707617247128
4.0	4.544532231629936
4.0	5.248698125592407
2.5	4.119464137729092
2.5	3.4064885313565423
4.0	2.435664554695961
4.0	3.4042093531439646
2.5	3.6907622398881568
2.5	0.5738657050770979
4.0	4.769684103976393
4.0	5.856581463302325
4.0	5.510037145427972
2.5	5.569517227681441
4.0	4.416291059543432
1.0	3.081565258692037
1.0	-0.8171149835152993
4.0	3.452289209942999
2.5	1.761415440651687
2.5	1.721464335233644
2.5	2.310788419234978
2.5	3.1519642272741617
2.5	1.7772281285658948
1.0	1.2525499119897279
4.0	4.401598676889966
1.0	1.843793669192884
4.0	3.9434622775995836
1.0	-1.4980407209746014
2.5	5.664716289485018
4.0	3.6095744087303614
1.0	1.7877500587686397
1.0	1.468892438175169
2.5	2.747837122070927
4.0	3.8976986059609624
1.0	0.33185097272331976
1.0	0.9499297602398925
2.5	1.6106255999334866
4.0	3.687557154938573
1.0	0.5822385611116391
4.0	5.235818402082106
1.0	0.7994507600655445
1.0	0.7483942144339761
2.5	1.7372574216270946
1.0	0.9422992390881251
1.0	0.8064375922045887
4.0	4.735668948345607
2.5	1.869558321904171
2.5	1.9347990840212952
1.0	1.1027422739334418
4.0	3.8666034871193733
2.5	4.07751507510052
4.0	2.5452601099826353
4.0	4.149068722893767
1.0	1.5704120073313583
1.0	1.315779143931255
1.0	0.7955087913574574
4.0	4.948898785658473
1.0	1.7102332126927995
4.0	3.500378909021555
2.5	2.4772215007110088
1.0	1.6392398799026058
1.0	0.7200647724390024
1.0	2.639133168350197
2.5	1.7625079758377038
1.0	0.8841555620317368
2.5	1.1788420913112165
1.0	0.6312921786823618
2.5	2.314629067580137
2.5	1.8799447455816303
1.0	0.6250710583452199
4.0	4.093861977784657
2.5	3.0722199099382634
1.0	0.2580730085062062
1.0	2.3018191754697424
2.5	-0.07839609066096953
1.0	0.6447894451380678
4.0	3.950770860069588
1.0	0.8779406484425637
1.0	1.9506894805906818
4.0	2.566091852042983
1.0	2.245292831079861
4.0	3.5919586292259056
1.0	1.006491475170309
2.5	2.9666708938370734
1.0	0.8420968026381297
2.5	2.1324880081429747
2.5	0.688057176651532
2.5	1.711626605254926
2.5	3.884039066043342
2.5	2.8027948412179815
1.0	0.34830023679583333
1.0	1.945583825303799
4.0	3.425269320362733
4.0	2.763020583671212
2.5	2.401848210766725
1.0	-1.2449264155328548
4.0	3.639429440791674
1.0	-0.2775574717202465
4.0	6.5775897211689935
1.0	-0.3644518977403959
1.0	-0.13431161360064192
2.5	1.8956550550562925
1.0	1.2704513105475685
2.5	2.6782457728553872
2.5	2.4758070653255153
2.5	1.6899363557110927
1.0	0.3448265074609618
4.0	4.246405760221307
2.5	1.6453160597087655
1.0	0.26669186603878314
2.5	4.111657167762803
2.5	3.4843392665746817
1.0	-1.1741020181225212
2.5	2.725349119395174
4.0	3.463035671356092
4.0	5.352398899896768
2.5	3.0794778583479605
4.0	4.754418575892373
2.5	2.301813846444508
1.0	0.30013749619238517
2.5	2.118335453294187
2.5	2.961315719727071
2.5	2.491612024757406
2.5	2.025903307021306
2.5	3.204248272186352
2.5	3.729238900246541
4.0	5.58330747428778
4.0	5.02167976632269
4.0	4.766018157623485
1.0	-0.4871305047373973
4.0	2.3839156178933374
1.0	-0.14294942590071757
4.0	4.616838891264181
4.0	5.081346570785091
1.0	1.3609926127336396
4.0	5.745427225102787
4.0	4.786819348488976
1.0	0.8540100933422663
4.0	3.8705867914832357
4.0	4.346741961486179
1.0	0.6298466252545323
1.0	0.932845043267709
2.5	3.6633854374712294
1.0	0.19998177782837756
2.5	2.9212397811058866
4.0	5.377972559276051
4.0	4.452176067395385
1.0	1.8507494740694632
4.0	3.6679768301042848
4.0	3.358051016894068
4.0	2.766170395453136
2.5	3.2317580304778155
4.0	4.663404550482742
2.5	2.2290586332567583
4.0	3.090717691168675
2.5	1.1153369040080368
1.0	2.3091627384305298
1.0	2.966424735024133
2.5	2.1710930469694176
4.0	3.4631062708686917
1.0	0.4557527350207641
4.0	2.7151501083722085
1.0	1.3967075882805924
2.5	0.9268335424459027
1.0	2.4672554571313645
1.0	-0.5320927686522827
1.0	1.9250825364316855
1.0	1.3515917169141396
4.0	3.9920088671352607
2.5	4.058409028750026
2.5	2.9481516005024693
1.0	-0.03673158691109113
4.0	5.855794294593498
2.5	1.8866120008778056
2.5	2.5054306572182297
4.0	5.264075807954278
2.5	3.9980745887745734
1.0	1.4503608253043045
1.0	0.26609042650889114
2.5	0.7776790568570549
2.5	1.9854196066226417
4.0	3.2331740058105507
2.5	2.320862358887634
1.0	-0.24309586954183304
1.0	2.1265663690212686
4.0	2.9437232841438012
2.5	2.0093005320879707
4.0	4.427867632773422
4.0	5.213615989312901
2.5	3.5774391984441234
4.0	4.4970094702582655
1.0	1.716162867246215
1.0	1.2616037494266836
2.5	2.336716632827624
2.5	1.9986703427450987
4.0	3.2708799245038676
1.0	0.19819905998713294
2.5	2.5695173882853637
1.0	0.9430264174776867
2.5	0.8944219511154077
4.0	2.588949890806731
1.0	1.2432580007484355
1.0	2.2257653436344764
4.0	4.5869293345596525
1.0	0.05295466717273045
2.5	3.565397483609569
2.5	0.40141911028123856
2.5	3.343873124977561
2.5	-0.12855825403239818
1.0	0.8419797180654778
1.0	0.6323188647230534
4.0	4.745943786379203
2.5	4.380303672067184
4.0	3.490586805154504
2.5	2.159385242975299
4.0	2.8749522602342283
1.0	0.8368338111163194
2.5	2.9591705107583137
1.0	1.2852294705060454
1.0	1.0392282791194387
2.5	1.8006138009481125
1.0	3.1513596830763593
1.0	-0.2839329397187891
4.0	2.697581462379261
1.0	-0.31799030365070946
2.5	0.893142541012304
4.0	3.7832109530036444
1.0	1.12861189232972
1.0	0.9596878155316099
2.5	4.311251528950022
4.0	4.911021605355789
4.0	5.159809256376742
4.0	3.4110246027709716
1.0	2.297135076851146
2.5	2.1383636477778953
1.0	1.3049085584974338
4.0	3.5614315981709828
4.0	4.323089766575586
1.0	2.361854826390525
2.5	3.828942053419654
1.0	1.694551030673332
1.0	2.018866199169588
2.5	3.6020253986915036
1.0	-1.4469401533236623
2.5	2.732915610050581
2.5	2.220994558958108
1.0	1.0465548451411408
2.5	2.91250569364093
4.0	5.055133818608001
1.0	0.5075908286560193
2.5	3.749949120740567
2.5	0.2845203986023832
2.5	0.8162036417064782
4.0	3.3731011779131763
1.0	-1.8191397110060081
1.0	0.7323042253620242
1.0	1.0376276415977197
4.0	2.2868781528944337
1.0	0.7035050689601376
4.0	3.7678984548184475
1.0	2.0078122714887447
1.0	0.2580666678275644
2.5	1.1238872811534506
2.5	0.018967132816540833
2.5	1.1050411633799881
4.0	3.4185259079163837
2.5	1.4962792910565132
4.0	3.424888227127111
1.0	1.0292723809719608
4.0	3.891446192904473
4.0	5.339437177653235
4.0	5.924064426087952
2.5	1.1684430962740897
1.0	1.6068008381612633
4.0	4.063270712485863
4.0	4.5605705753420285
2.5	2.3468315032440143
2.5	3.264890545051461
2.5	2.527506540985936
2.5	1.8088795477450121
4.0	4.469958082855605
1.0	0.03812544076906821
2.5	1.5017809645940463
2.5	1.3598752994878713
2.5	3.1672516851913954
4.0	3.597568672296251
2.5	3.067844253670067
4.0	2.844808008496498
4.0	3.6330576347804167
2.5	1.9663146356213475
2.5	4.166750745542146
2.5	0.7805472281092656
1.0	-0.189797602944888
1.0	1.8489657134260438
2.5	4.330675993603376
4.0	3.513717690969678
1.0	1.812208449648303
1.0	1.3883950737992214
2.5	3.184402589662331
4.0	4.531822773598913
2.5	1.8603458642056458
1.0	0.37678862931080326
4.0	4.868207265432114
2.5	1.7357259103651876
1.0	1.8978255328406204
1.0	0.5965104707432856
4.0	3.852577500054757
4.0	3.1151367610414975
