Gaussian Generator(1.0): mean=1.0,stDev=1.0
Gaussian Generator(2.0): mean=2.0,stDev=1.0
Gaussian Generator(3.0): mean=3.0,stDev=1.0
2.0	2.150732850201087
1.0	0.8578916211819781
3.0	4.36901059730997
1.0	-0.043902901104607484
2.0	2.3666088821281894
2.0	2.1661844313520406
3.0	3.394808130234674
1.0	0.8601331979029465
3.0	3.416910868816237
2.0	1.8105990411884072
1.0	-0.3642174345444773
1.0	1.3758707938371328
3.0	3.46551011246332
1.0	0.34773859597627643
3.0	3.3411950729296187
2.0	0.9992883219957105
1.0	1.7943533855798184
3.0	2.988222157093714
3.0	4.40223829200086
2.0	2.15085465468161
2.0	0.5686648169358248
3.0	3.0999502328994515
2.0	2.2216456191216323
3.0	1.3026499627376873
1.0	2.7233699774710245
3.0	2.576621493230895
1.0	0.9762173816644409
3.0	3.9237580790065683
3.0	4.82047154791063
1.0	1.6439290637825832
3.0	3.0876739998021296
2.0	1.0674650169764626
1.0	1.9678964089616753
2.0	3.0083568492159083
2.0	2.0356384607737974
1.0	0.9000183907325124
2.0	2.8015063775487534
3.0	4.092815563002231
2.0	1.8412216589748998
1.0	2.116358492613342
1.0	0.6737318114889805
2.0	3.345966446224393
3.0	3.906615561561204
2.0	2.3935737913508772
3.0	3.958242852814392
1.0	0.5620481964240174
3.0	3.1712921854461973
3.0	2.764731621289227
1.0	1.8971476941093417
1.0	1.1946230395679942
2.0	0.5360214263320084
2.0	1.5043599543280428
1.0	1.5336113503346693
1.0	0.4123954200396638
3.0	3.1477266853905035
2.0	1.0186151393138156
2.0	2.6657462971287127
1.0	1.9026980417224149
2.0	2.152632727202336
1.0	2.6385052984035275
3.0	3.4981028177998397
2.0	1.3741519679589533
3.0	0.29790634007472017
2.0	0.7305916182974086
2.0	1.2798061261546239
3.0	2.1148613441618007
1.0	2.273366771968541
3.0	3.0695290990091597
1.0	1.565947126618319
2.0	2.235291106827218
1.0	2.585563878733235
1.0	1.5333726939560002
2.0	1.2709812456052396
2.0	3.063859061499839
2.0	3.900916972187642
2.0	1.0306503782575653
1.0	1.182128383775686
1.0	1.8086051866746828
3.0	2.550890408425172
2.0	3.3155520030660965
1.0	0.7722442656864417
2.0	2.01864725668761
2.0	2.3350319481401196
1.0	1.188890932971524
2.0	1.2345709693144205
3.0	2.9003843576787443
3.0	3.436142484752028
2.0	0.23059611232765054
1.0	1.8697596351500718
1.0	0.33826758742154683
1.0	1.9958264955548775
1.0	3.262528796158494
1.0	1.62261522750063
2.0	2.2220367687730675
1.0	-1.5353152163726933
1.0	0.7434256676951659
2.0	0.39534901070056416
3.0	1.7365353222738318
1.0	2.2695112023098494
1.0	-0.3251698162483023
1.0	2.7316549245861124
1.0	0.08753673295983222
2.0	3.9425350065620495
3.0	4.326029522637971
2.0	2.4912012997510495
1.0	-0.874101836536725
2.0	1.9419409583361642
2.0	1.3021721196932377
3.0	2.3892581558348414
1.0	0.014258262751727147
2.0	0.4597612547604748
3.0	2.7349859987171414
2.0	2.4029872158174115
3.0	1.4796891494695534
1.0	-0.4308254916452272
2.0	-0.1582730959654155
1.0	1.7146010664961706
3.0	3.233596486379933
1.0	2.708210053715504
3.0	1.3673373333830436
3.0	3.7043702759061787
1.0	1.0822011859329423
3.0	3.592942381665792
2.0	2.5812431927537567
2.0	1.364736135214828
3.0	3.855162819485457
1.0	0.5772229159405167
2.0	1.470108882189988
1.0	2.0627313617408944
3.0	2.870142516660106
3.0	1.3866421376919675
3.0	2.1184117985167856
1.0	1.3009110557987977
1.0	1.1343800010456786
1.0	2.338421742538468
2.0	3.2159015407002602
1.0	1.372044912732414
3.0	3.304037689604076
1.0	1.6693993703585077
3.0	4.720909754414915
2.0	3.3352423864341
2.0	1.3642038928921472
3.0	2.407381579516131
1.0	0.8488485498671119
1.0	0.8198528693025695
3.0	3.20409975869534
2.0	0.8392602156891269
1.0	1.6382126976554294
2.0	3.7250200775461866
3.0	1.9232184197735556
2.0	2.4433955877023763
1.0	0.2312755877831275
1.0	0.3327390153572215
2.0	3.2466576860912744
2.0	1.436255854993738
2.0	3.223216005477585
2.0	3.9120757371065906
2.0	1.9065022998550578
2.0	1.7852560828182453
3.0	2.9231432653315035
1.0	2.4352086237037596
3.0	3.558354272648203
3.0	2.1779782250013398
3.0	3.4541148276749123
2.0	2.8760874100887994
1.0	0.9949580218083135
1.0	0.25516019768359877
1.0	0.022095174149825092
1.0	1.292599360054448
3.0	4.720987660106564
2.0	1.4880794733209974
2.0	1.3275683013155348
1.0	-0.7613522814818945
1.0	1.3391686180908795
1.0	1.966430129837774
2.0	0.7055931201004055
1.0	2.294513231689215
1.0	2.1928607678456107
3.0	1.1849937119906413
3.0	3.196861782504214
2.0	2.5933527898320454
3.0	2.3508454846252964
2.0	2.023672557864139
2.0	2.403067340943053
1.0	-0.18267071654663924
3.0	3.5579061661359157
2.0	0.6119290044878314
1.0	0.9358016965373356
2.0	1.5264081831607528
3.0	1.0741976599782999
1.0	0.7408466038616845
2.0	1.4150201455427505
1.0	0.632226780562509
1.0	0.8777900715771191
2.0	0.7025088409013376
3.0	4.906874927452715
3.0	2.252206093728604
1.0	0.08530446967049721
3.0	3.562021627974008
1.0	2.2982994979105715
1.0	1.5779221034728148
1.0	1.6461442125943617
2.0	2.126570126071138
2.0	2.693358573874908
3.0	3.514508929188902
2.0	3.2840027510855014
1.0	0.6700079841604347
1.0	0.28379038529290423
3.0	1.8502392260157803
2.0	3.1813261351711786
3.0	3.1187473831078747
2.0	2.5467690308437723
2.0	2.39236802360631
3.0	4.292000343612642
1.0	1.3687409482183426
1.0	1.0158818662371338
3.0	1.5934772212241652
2.0	0.8571690965934242
3.0	3.0888385340397226
1.0	-0.07238385870892938
3.0	3.4189135650901634
1.0	1.916725925641845
2.0	2.8808532145564474
3.0	1.0363788760651775
1.0	1.9355759208056162
3.0	2.919994487496277
1.0	1.1909178337190707
3.0	1.3230549661327369
3.0	2.5487167039700056
3.0	3.7349792758958884
3.0	3.7017602324745056
2.0	0.37249524398739453
2.0	2.1336166279269855
1.0	0.9689449390006534
2.0	1.0367574249038785
1.0	1.69665325256421
3.0	1.8469419954609128
2.0	3.3412988779230868
2.0	1.020188315785924
2.0	2.63707211618502
2.0	2.3527407335495507
2.0	1.6678983920613248
3.0	4.043726259961645
2.0	2.4404377509320567
2.0	1.009875988827588
1.0	1.1538234258894733
2.0	2.1293586142883134
2.0	1.3477052562413134
2.0	1.0380631790048136
3.0	2.478392036809053
2.0	2.0691627410894244
3.0	3.9221060887123187
2.0	1.821071871123557
2.0	2.6582073428406443
1.0	1.1046020933843852
1.0	1.4473846628496898
2.0	3.1421936178293923
1.0	-1.4788120029571612
2.0	2.060769457389856
3.0	2.507432505098294
2.0	2.1960103365087185
2.0	1.9956840762461971
2.0	1.0184262339721162
1.0	2.739692926080025
3.0	2.5624402615902917
2.0	4.502925073945368
3.0	2.5369917207538975
2.0	3.7153595077173582
2.0	3.180183139009407
2.0	1.954537971292848
1.0	0.2483640512448233
2.0	0.24111081358958963
1.0	2.2405678508621567
2.0	2.728200459143305
2.0	2.0810015986373736
2.0	1.3364602881782717
3.0	3.205117834165554
2.0	1.8357878752715358
1.0	2.1033576192938925
1.0	0.34936173635561685
2.0	1.5301604582399335
3.0	3.097021916659807
2.0	2.2539532310808834
1.0	0.3678065545194461
1.0	3.2842488883398957
2.0	0.6849897069581621
2.0	1.6163048450277966
2.0	1.759784729416026
3.0	5.787846533833962
2.0	2.610097070789571
3.0	2.6932632942508987
1.0	0.28205119276959834
3.0	2.1914108175857683
1.0	1.9551624907540717
2.0	1.0699924289538214
3.0	4.850972543849487
3.0	2.6949486929100273
1.0	0.7401768702263616
2.0	2.653584823585634
1.0	0.4731283526802843
1.0	2.037315405880782
3.0	2.36603427006033
1.0	1.0475869786458134
3.0	3.2162704780817197
2.0	1.379429796481656
2.0	3.869897657316766
1.0	1.950519291251613
2.0	1.8472748526100293
1.0	2.078413751797971
2.0	2.89447729369439
3.0	4.141360298863684
2.0	2.9965302190690015
1.0	1.3195813330616084
3.0	2.461234849432822
3.0	2.991120097372613
3.0	2.3332100792523955
2.0	1.8067081495692674
2.0	1.9379898118135024
1.0	0.5565349409826863
2.0	1.2056832884164461
1.0	-0.24355207191842587
1.0	2.494539640308963
1.0	2.9864144145786695
3.0	3.7490485422080377
2.0	3.877737326343492
3.0	3.1148125241271076
1.0	2.019053541146166
2.0	2.0229083243494195
1.0	0.49439926144585633
1.0	1.1790209235649867
2.0	1.9211666421631595
1.0	0.9345835987976693
2.0	2.2045733347334413
3.0	2.954491802596612
1.0	2.3949891607964666
1.0	1.4100720803517863
1.0	1.510333038934149
3.0	3.806118173721691
3.0	3.032633631058096
2.0	3.2101400759132814
1.0	0.9408681621550917
3.0	1.3987518189134927
3.0	3.318917367473198
2.0	2.2103855143211275
3.0	2.5854359305940364
2.0	1.3400705003720308
1.0	1.574947195229512
2.0	1.6033153729761036
3.0	3.5308445762479046
3.0	2.0489919153129987
3.0	4.129427166487455
1.0	-0.28287278564229057
2.0	2.25163562139925
3.0	3.5392120625026666
2.0	2.042571563851306
3.0	3.0267225506998954
3.0	3.4625156130920445
2.0	2.1918169312489026
2.0	2.065003295261243
2.0	4.006607933384178
3.0	5.057087498921358
1.0	0.060950781134440635
3.0	4.3649958430130695
1.0	1.1633966283914619
2.0	1.6739472198224312
2.0	2.7232076339179
3.0	2.8131915667830607
3.0	1.0925478044263266
2.0	1.9224473574130148
3.0	2.6104912982052104
2.0	2.301050124383356
3.0	3.27595815971197
3.0	2.6400841750913937
1.0	1.7916594515830204
1.0	1.6142630818860888
3.0	3.6926361100100795
1.0	-1.084035271403497
2.0	0.8947125039500858
1.0	1.2169464180520382
2.0	2.8463841847931435
1.0	1.4194913707094963
3.0	4.0015338071850115
2.0	2.0343909517503334
1.0	1.1331026483738913
2.0	2.253186523936608
3.0	2.318866915220773
2.0	1.9610534739430105
2.0	2.913793499188173
2.0	1.0693280745317277
2.0	1.0466654455406572
3.0	3.855809669371621
3.0	2.9829754096025254
3.0	3.9404269736727078
2.0	2.8253928686027976
3.0	5.4581310178324545
1.0	0.10681548814921804
3.0	3.2776037904812405
2.0	0.8833471542897342
3.0	2.305357150048423
1.0	2.9146267627058844
2.0	1.688484949475991
1.0	2.545390429097373
2.0	1.3683610429637858
1.0	2.235125792387237
3.0	3.7826255390933827
3.0	0.5600250500788895
1.0	2.8152402190683987
3.0	2.926946505824441
2.0	0.8037945716963781
1.0	0.3570505126603355
1.0	0.11396270736660907
2.0	2.5433134385358316
3.0	2.0382722659503036
1.0	0.9508724224599577
3.0	2.2222575837570004
3.0	4.038127371769656
1.0	0.10460076641259597
2.0	2.041677686195989
1.0	1.4195512981980158
1.0	0.20638657672228422
1.0	0.9392846876870934
2.0	0.7271629168194964
2.0	0.5123129471670194
1.0	1.1640371305178887
3.0	2.193685354796019
3.0	3.5831692426133617
1.0	-0.09535039254677824
1.0	1.6693363835901782
1.0	2.557050788175718
1.0	1.82619672378689
2.0	2.0023765204283532
3.0	4.095458557882234
3.0	2.752163317807277
1.0	1.2450082493759296
3.0	5.160705206672315
1.0	-0.20161009261427254
3.0	3.6521826140881717
3.0	3.720458057849825
3.0	1.9162129093279852
1.0	0.8743636558306487
2.0	2.606020805243368
1.0	0.8636684577264192
2.0	0.11255394517562611
3.0	2.7474472764337645
3.0	4.152458051332619
3.0	3.4990899260829744
1.0	-0.9349022092566657
3.0	3.4591945828264885
2.0	3.048429382169252
1.0	0.7649054991631337
1.0	1.1861266502976655
3.0	3.0706752237993102
3.0	3.4521714243816755
1.0	1.5139598236251788
3.0	3.565876777896205
1.0	0.7149366167435643
1.0	1.578238703709284
3.0	1.7003688701014918
1.0	1.5539314236137958
1.0	2.856860460774686
1.0	0.12913923674659689
1.0	3.0170503290116524
1.0	0.7292345904176658
3.0	2.0859696248338393
2.0	1.3490610480774339
3.0	2.9991097432364127
3.0	2.9075784442836796
3.0	1.9203593753698653
1.0	0.11317348623675905
1.0	0.2864876194204743
1.0	0.6057025820051205
3.0	2.9314558897727423
1.0	0.9114140497986905
1.0	0.27973425632004545
2.0	2.4982125049563306
3.0	3.8484121496741497
2.0	2.229583005213592
1.0	1.4299596891547814
2.0	1.3866096325989838
2.0	2.8202951652058887
1.0	1.0916396344836343
3.0	3.0106749226884975
3.0	3.8483850208994754
3.0	1.922307211931107
3.0	3.113362033095209
1.0	0.4483029158615438
1.0	-0.3007216257466132
3.0	4.737335219233292
1.0	2.0915385152115205
3.0	2.537722874960053
3.0	2.8953093694264185
3.0	2.0450680698006374
3.0	3.569895672637978
3.0	3.0179397637508405
2.0	1.073224829699926
1.0	0.6693612799483071
2.0	1.2390685551772918
3.0	1.9323415402666133
3.0	3.4393218817009754
3.0	2.173154423577729
2.0	0.2625703033169575
2.0	4.370559591275768
1.0	1.8001146599861275
3.0	3.605668195799017
1.0	-0.43898284686521505
2.0	0.5346030612664132
2.0	1.1704122970751079
3.0	4.072943643671703
2.0	0.8143478852732293
2.0	2.436465077729477
3.0	3.330122284061243
3.0	2.9636661940277818
3.0	3.9462945155185354
2.0	1.1112981415997463
2.0	0.7301070606784414
2.0	3.545210211125939
2.0	3.1053318305371285
1.0	0.4314043370079269
3.0	3.6381891098220196
1.0	0.8994623427823724
2.0	0.8061582249253332
2.0	3.7152892331557883
2.0	0.09883461168706198
3.0	2.4151067823976113
1.0	2.1525534105195128
1.0	0.1894696952580518
2.0	1.763114254090483
2.0	1.2084580346005789
2.0	1.0206389629071606
1.0	1.1562014695265208
2.0	2.3843869191175475
2.0	2.0887630401989052
3.0	1.391602256978005
1.0	-0.08743931023474083
3.0	4.274564108921794
3.0	1.7719763528551615
3.0	3.1158286227588303
2.0	1.1592798679481993
1.0	2.6448875587270155
1.0	3.36123781451979
2.0	3.808843996719175
1.0	-0.4581196791823754
3.0	3.68321885359647
2.0	-1.4239281998240645
1.0	1.6521083301638142
1.0	1.0379998765858125
1.0	2.7747498398941786
1.0	1.8146402518504623
1.0	0.9214149078683876
3.0	2.1849027190339094
2.0	1.9692305097873333
3.0	3.0122753316654736
2.0	1.2204857088714536
3.0	2.122750715634984
1.0	2.4959753006902825
3.0	3.3286602848022016
1.0	3.0700488290490338
2.0	2.2522488911135388
2.0	2.994662977916149
3.0	3.7663936960019173
2.0	1.3457212217137389
1.0	0.9020348459542615
2.0	1.226406824775887
3.0	2.3271182838224025
3.0	3.174115524987456
1.0	1.4879926274020667
1.0	0.9752226282829954
1.0	0.8459935568823749
3.0	1.5958977130009562
1.0	1.4676057099511532
3.0	4.075739041632058
2.0	1.6497529999787979
3.0	2.6690351058366453
1.0	2.127169672347899
3.0	4.038474581034101
3.0	2.6562738553380463
3.0	2.4413767638426678
3.0	4.010318975930489
2.0	2.874614879229929
1.0	1.477165802057239
3.0	2.228288401392068
1.0	2.2952853300546647
1.0	0.822693891979627
2.0	1.481195231416594
2.0	3.7150210407384763
2.0	1.4528164902133818
2.0	1.5760838173688296
2.0	2.9429507174138445
1.0	0.9359322627024875
3.0	3.5069295730861754
3.0	2.475624821378714
3.0	2.8345442905152267
3.0	3.022161449155909
3.0	3.004109649965489
1.0	1.185762142495421
1.0	0.57269587598582
2.0	0.865667171406481
1.0	-0.19405988209929403
2.0	1.800834897703507
1.0	0.48981955786560905
1.0	1.1304890584007359
1.0	2.1706812702046916
3.0	2.648464724977401
3.0	2.3637125019346232
3.0	2.7715587618774893
3.0	4.638895713814997
1.0	-0.2362299093167981
1.0	1.3552605431649334
1.0	1.5103312172978878
1.0	-2.366496340930922
3.0	1.5712710686605167
2.0	4.520830896636708
2.0	1.623479731654101
3.0	4.191606109820551
2.0	1.410866368062241
2.0	1.4972862312917252
2.0	3.05437049096039
1.0	2.8343722561348725
3.0	2.2761938569204125
2.0	1.649111145107721
1.0	1.3548018833664073
1.0	0.7975630159899703
1.0	2.665653247156591
2.0	2.0188065287288555
1.0	-0.8340068612106486
3.0	3.216018276261568
2.0	2.9003935648987054
3.0	3.829057527842032
2.0	2.676400493809502
1.0	2.0920774680495957
2.0	2.905698797420377
2.0	1.327485682318902
3.0	4.087106229718783
3.0	1.6767255971453148
2.0	0.7812377594228863
2.0	1.255042344985064
1.0	3.091990855802654
1.0	-0.20839185875961208
1.0	-0.31905989217965947
1.0	1.494051709835431
3.0	4.025465400776808
1.0	-0.2469831877258124
2.0	1.7314272282667842
2.0	2.3644347116035624
1.0	3.1062334948611
1.0	-0.8766842737791674
1.0	0.255760434952938
1.0	-0.03088797918535957
1.0	-0.0838213257986169
1.0	2.2429174334517246
3.0	3.1811095790278077
3.0	2.027622262788248
2.0	1.3216740298660599
1.0	0.7493236242366923
3.0	1.7359529543045167
2.0	3.1749258749441385
2.0	1.9140973175450695
2.0	3.450400581766753
3.0	3.658046999254394
2.0	1.5975793552098516
1.0	0.7371062633787415
3.0	3.468991222117748
1.0	0.42489042276464395
1.0	2.4044205132051677
3.0	2.2682882608199004
3.0	4.755606440331501
2.0	3.566695444974975
2.0	3.358123123301197
3.0	2.6993094918762184
2.0	1.4695618891116342
1.0	0.741255236772382
2.0	2.205071324245168
2.0	1.5847373318304676
2.0	4.456542805700693
2.0	0.9215439477280214
1.0	0.3672244700402105
2.0	3.1168287159685715
2.0	2.297054914383107
1.0	1.7501405271776729
3.0	2.9433506101650857
2.0	1.0622892479109711
2.0	1.6799702524647964
1.0	1.4968531427121405
2.0	2.2088041584809406
2.0	3.500407374725145
2.0	-0.6498425162353425
1.0	1.0849187327954355
3.0	2.539752534706157
3.0	2.257507034424049
3.0	2.2521716931612845
1.0	1.9080942738868627
1.0	2.5802704425712473
3.0	4.001643091688084
3.0	1.234333886872442
3.0	4.128453492706682
2.0	4.0253705554008095
1.0	1.0175127496352168
1.0	3.4068533775192913
1.0	0.1307889346960548
3.0	3.7203135523793276
3.0	2.777878188919533
3.0	2.596261205348464
3.0	3.5600001060983533
1.0	1.2422656535327294
1.0	0.6098172495110059
1.0	0.2924983721401042
3.0	2.5635474607122113
3.0	3.06265067675471
1.0	2.011946890681824
2.0	2.4863151289446783
3.0	4.117194083643322
1.0	1.7841146536705348
2.0	2.4647756905073535
2.0	2.3630389118158837
3.0	2.732870942640168
3.0	4.238178703139109
2.0	1.1582029736074508
2.0	2.1688706431010125
3.0	3.457312842824712
3.0	2.3871156040129646
3.0	3.3048290010633496
3.0	3.8537181862984613
2.0	1.344101562152399
3.0	2.8644090966896147
2.0	2.1389749052692553
2.0	2.433214473053746
1.0	3.0803598060001907
3.0	4.140443468657158
1.0	-0.693998579175219
2.0	1.0642235322624718
1.0	0.5422974645492813
1.0	1.7200844007209133
1.0	2.317861848525326
1.0	0.8790299577684726
3.0	1.6559063277412802
1.0	0.8384894692904772
3.0	4.0749584689282266
2.0	2.4574637782721047
2.0	1.6893980098157515
1.0	1.4717666552201094
3.0	3.665858426107745
1.0	0.8657049334908393
2.0	2.5333308682825186
1.0	1.448543429143251
2.0	2.090334371185792
1.0	1.0070184096413815
3.0	3.3696343526236032
2.0	1.9730129443228697
2.0	2.5250039756744336
3.0	4.304328476845381
1.0	0.6856209218811113
2.0	2.371288369540465
2.0	2.5769104248727297
2.0	2.806214435315141
3.0	1.5057009685283569
3.0	0.6983491200416481
1.0	0.044925625308836925
3.0	3.345282422278183
3.0	2.3992325782227932
2.0	4.427194973047122
2.0	-0.14809043555140722
3.0	1.7279310531753755
2.0	3.807412492681527
3.0	1.8254330846280016
2.0	2.752313507930259
1.0	0.6069906258527455
2.0	3.863778195464815
1.0	0.8826260346157265
2.0	3.499779245290651
2.0	3.3464033398235884
3.0	3.827896326139867
1.0	0.1835999147465497
1.0	0.45816390132587126
1.0	2.347022018987528
3.0	3.7116080081272695
1.0	-1.0396699210494678
2.0	1.7726876083340486
2.0	2.0874605359648153
1.0	1.478147204147468
3.0	2.949816858775717
1.0	1.7066724532966318
3.0	3.338825001404756
2.0	1.5808857608177245
1.0	3.400382495580948
1.0	1.6501887155786397
3.0	2.538037308137551
3.0	3.003915572902298
3.0	2.7341337516398183
1.0	0.6284212811395756
1.0	1.0803816665444963
3.0	2.5986730157311433
3.0	1.2023355738693768
3.0	3.76217773797206
3.0	3.3778905917544977
2.0	3.4168371064641683
2.0	2.2803363670467487
3.0	4.622285133450568
3.0	2.2372742024154193
2.0	1.9864876806489902
1.0	0.9980767124757425
1.0	-1.7140647543330565
2.0	1.171158573130331
1.0	2.0054686445315553
1.0	0.2183418450950978
3.0	2.148494964858175
3.0	1.4158597916021147
3.0	1.1535311945107687
1.0	1.2620541517965418
2.0	1.5522208642635158
2.0	4.135742704843736
2.0	1.1918829610515869
2.0	2.587054985472535
1.0	1.7850186666313035
2.0	3.133402098730926
1.0	-0.19036989538479454
1.0	1.1781940354028477
1.0	0.3367906068210932
3.0	3.1123446933524175
2.0	1.6334041710378746
2.0	2.1789765415051874
1.0	2.8168919825118053
3.0	2.9365283194130147
1.0	-0.12026132370294129
3.0	3.312711428784483
1.0	0.5213964268692529
1.0	2.9136808141967285
1.0	1.6407283938986215
3.0	3.8451247060064624
3.0	1.3090747156327995
1.0	3.056604535291967
3.0	1.7763401953463218
2.0	1.989094386897123
1.0	0.587875055613444
1.0	0.1406305456611533
3.0	2.078609601920468
3.0	4.339705764683175
1.0	-0.31692108031729394
2.0	1.565469283033525
1.0	-0.3716391218913333
1.0	1.1871201425334976
2.0	2.765162218276851
3.0	1.6011922740359181
3.0	1.1543317809148261
1.0	1.3110336434256198
3.0	2.4650889053091483
1.0	0.14907773229806154
3.0	1.6220059824468172
2.0	2.7794764490799717
2.0	0.8947351677577349
2.0	1.780882634993227
1.0	0.019499855808195132
3.0	1.3315327305780225
1.0	0.6906422563656993
1.0	1.6721245467014128
2.0	1.8836202686535488
1.0	0.877932558481781
2.0	1.7780500405646462
3.0	4.455386551156396
3.0	3.484967766409114
1.0	1.4921956894467494
1.0	0.5599367528689172
2.0	1.9403326062323736
2.0	1.6178416217616967
1.0	-2.3573967865846015
2.0	2.6777390788458635
3.0	3.492203373244727
2.0	0.4253321679531641
1.0	1.8468017053998254
2.0	4.437546892927671
3.0	5.862300337131928
2.0	0.6955381711698316
3.0	5.3814887186838245
2.0	0.84878367505304
2.0	3.0010431081945623
3.0	2.471452178997243
2.0	0.8357981999322743
2.0	2.4620689647073424
2.0	1.6453738419081887
3.0	2.312343356560084
3.0	4.443639230017289
2.0	2.1435551544515494
2.0	0.5591433030851924
3.0	2.2398398708341145
2.0	1.65729222883554
2.0	1.2862104121648201
2.0	3.4062012518060945
3.0	3.2362645069523133
1.0	2.2215202462068184
1.0	2.543887457972125
3.0	3.9179231638940077
2.0	1.0081917705769843
3.0	3.1986843405268353
3.0	1.464523831909286
3.0	2.168806090449846
3.0	3.1040905701752157
2.0	2.0095169440003406
1.0	0.9487172330223737
2.0	1.4494505172653067
1.0	0.9882286406646082
3.0	3.1816027033333745
2.0	2.09171320582332
1.0	0.6545086148705805
1.0	1.3548389242079144
1.0	3.2303859829470616
2.0	1.149218252464232
3.0	2.5655025619465572
3.0	1.5439493406345006
1.0	-0.18805776508294536
2.0	3.5722972534937325
3.0	1.4019555231407776
1.0	3.061500434807071
1.0	1.6505810302024257
3.0	3.8735120719441345
1.0	-0.6530872680442721
1.0	1.1080350558950929
3.0	2.7589594247024003
1.0	1.99727745411747
1.0	0.5139327596472377
3.0	1.9072876963166145
2.0	1.3375955474030445
1.0	1.7887911763427353
1.0	-0.5295231990557943
2.0	1.5807699211201884
3.0	4.92442388207881
2.0	3.0732015934855896
1.0	2.3139317084193136
3.0	1.6945797126278812
2.0	2.3827729622572416
3.0	3.090713913624052
3.0	2.7145851605705933
2.0	1.3441040329432994
1.0	1.0486028471553028
3.0	3.1918970259959583
2.0	2.74413408778842
2.0	2.0993935221239184
2.0	1.5851788649930312
3.0	1.829608680453524
2.0	1.3854897313453634
1.0	1.6418657354715362
1.0	-0.4572349520136796
3.0	4.3004532437641005
3.0	1.9500588060891735
2.0	2.8212636617357596
3.0	2.125043102575324
2.0	2.854686410508762
1.0	0.4369686770144702
2.0	0.2552903174542205
3.0	3.323937862531266
3.0	2.541670461111914
2.0	0.16227560817897735
2.0	3.097713168535419
1.0	1.1627013982892758
1.0	1.3340781139568687
1.0	0.4806816504493354
3.0	3.5656039983402903
2.0	2.048208010070519
2.0	3.1918718834058266
2.0	3.957078381048679
1.0	0.37990266551246565
1.0	0.7045030614611173
1.0	1.7928718937920842
2.0	3.584842909409711
2.0	0.9855992811115426
2.0	1.0726730355685266
2.0	1.2915626267902813
1.0	0.8757902118490424
3.0	3.1617154202784965
3.0	4.222712562477739
1.0	3.821408966944428
2.0	1.7131835026596685
3.0	4.502861554092674
1.0	1.2670899348319091
1.0	1.3220766342020884
2.0	2.3830877014258975
1.0	0.06288096200681059
3.0	2.7681310393649348
1.0	0.3321408353470442
3.0	3.2631257993312297
2.0	1.4988374247286347
2.0	1.5511895210647861
3.0	2.1192676130630286
2.0	1.7075660457071273
2.0	1.2963329513728472
1.0	0.604966755220486
3.0	5.193324589167492
3.0	2.7653290466419578
3.0	1.6568763876747876
2.0	-0.21237156083076503
2.0	0.8523579613480772
3.0	2.9240489207027807
1.0	1.0749893375184556
1.0	0.8977015304047622
2.0	2.4641091683315945
2.0	4.149869972909497
2.0	3.8844712580990395
1.0	3.12971969624439
3.0	2.4262041793074283
1.0	1.269352192983401
2.0	2.575974897393473
3.0	2.698154074541003
2.0	1.7736558153361865
2.0	1.288077548022975
3.0	3.7968912308265055
1.0	-0.1902390696209031
2.0	2.790322752569768
3.0	3.263561920217726
3.0	2.9597339210544127
3.0	3.2551953309098662
3.0	4.054677390063514
3.0	3.4594343079808647
2.0	1.5179902851110094
2.0	1.6440153203904075
1.0	1.104891294953527
3.0	3.873944550983633
1.0	0.039813157760634654
1.0	-1.1646022617681875
3.0	3.6193330936778754
2.0	-0.43119465047898986
1.0	1.0541081627878464
1.0	1.1476377989821356
1.0	2.050913406676626
2.0	0.2499697425927625
2.0	1.2269991696079454
3.0	2.509314647422885
3.0	4.3643851435392245
3.0	1.6214053941688853
2.0	0.6626301812892261
3.0	3.5305460176731556
1.0	1.341317860510964
2.0	2.6067876681432676
3.0	3.684043589151249
3.0	3.0195300759894046
3.0	1.0956061506752048
2.0	1.7781202999159496
1.0	0.8372906157651231
1.0	1.769665430339522
1.0	0.10394743022182551
2.0	2.7982828769961143
2.0	2.953161123348144
2.0	3.2203915589961154
3.0	2.8788947815953816
3.0	2.8021173893190454
1.0	-0.04131256296588037
2.0	2.0790413362063043
1.0	0.949339611339014
2.0	2.555286184849395
2.0	2.976151396459405
1.0	1.8280028267829747
1.0	0.796061978735818
1.0	1.2201505631627998
1.0	0.4569773233212031
2.0	1.887561179817094
1.0	0.8805206609137244
2.0	2.696008386419634
3.0	4.1054115755757286
2.0	3.2801545934875307
2.0	4.04858475614862
3.0	3.2832989847253153
3.0	3.4569655089586093
1.0	2.4940063888330215
3.0	3.530157507092987
3.0	2.4804673798196157
2.0	2.8858179694685306
1.0	1.5935243648687516
3.0	4.835194868752956
1.0	-0.1191772450085451
2.0	1.7009879258797402
2.0	0.6957768428034987
2.0	2.255143761322461
3.0	1.9157655260152135
1.0	1.3365068929462287
3.0	3.9151218729383723
1.0	0.05353743929126353
3.0	4.368440281001467
2.0	3.3529447495481213
3.0	3.2219067788699265
3.0	0.9826081503521249
2.0	1.7766491677687253
2.0	0.9963280283182232
2.0	2.8559344786722187
2.0	3.4581541908449456
1.0	0.08214110855738577
1.0	-1.2095657092354792
3.0	2.3470813151082046
3.0	4.267207023662708
2.0	3.2775482190102174
2.0	3.2442181642198875
2.0	0.5562157953204094
3.0	4.172701516317247
1.0	0.20913757548160739
2.0	1.8964212287241473
1.0	0.49323269755915633
2.0	2.0841523295223983
3.0	3.9342902920056737
1.0	-1.104583909849084
2.0	3.9408658553027323
2.0	2.376693127069082
3.0	1.4653183277029949
2.0	1.7354276886051287
1.0	0.232576712987683
3.0	2.308570192683429
3.0	3.266402700541831
1.0	2.7182328362128203
1.0	0.9113952548720368
2.0	1.6227218411456708
3.0	2.1193756549062748
1.0	0.9358432897309136
2.0	2.5744861041738223
3.0	4.281993740114263
3.0	2.8052552040520187
2.0	1.8827434353032957
2.0	0.8426531301987372
3.0	1.861780572287093
2.0	3.1775938061334568
1.0	1.3199645444135335
1.0	0.7518658255216535
3.0	3.140478747417267
1.0	0.5018985148543131
2.0	1.8320656085795155
1.0	0.3775933852262028
2.0	1.8411524921899782
1.0	1.7876277028035883
1.0	0.615846972569287
1.0	1.0931965033337305
2.0	1.7485044670109713
2.0	1.5989042751002907
2.0	2.316772514381062
2.0	-0.2623314042910576
2.0	2.2113677746114986
1.0	1.3105444148259062
2.0	2.5681446721533208
1.0	1.5938817835179986
1.0	0.38656514212332427
1.0	0.3674393796544685
3.0	4.274068170503557
2.0	3.038687223239099
2.0	3.257674700476639
1.0	0.4446051607949443
3.0	3.609428038817277
3.0	1.727380182629978
3.0	1.7302479878410264
2.0	3.411936365856259
3.0	3.9793185859826123
2.0	2.3953830977014103
2.0	0.19896075657703216
1.0	1.4665346745036467
1.0	-0.366022094517366
3.0	2.9103170170816077
1.0	1.698316019497089
3.0	3.6569771237751416
1.0	0.8299672156560467
3.0	4.867566135103186
1.0	1.816843940607426
2.0	3.215347764063204
3.0	3.7782653148790657
1.0	-0.1327913979925166
3.0	3.3319254196489974
1.0	2.2432400897391735
3.0	3.2116361691559296
2.0	2.1211699467431226
1.0	2.140649178454118
3.0	1.4755426174619755
2.0	1.491065145492335
3.0	3.4537381547736388
3.0	1.303732960061183
3.0	3.12052069917282
1.0	0.5497048329079801
3.0	3.237935590172022
2.0	0.8346029208468275
3.0	1.0682190776989793
3.0	2.46566929218185
3.0	3.734136453313576
1.0	1.5318462594254574
2.0	3.5656588285639708
1.0	0.43799891090975196
2.0	2.747571135681557
3.0	4.220154287173227
2.0	1.7909894422533723
2.0	1.9521444646990749
2.0	1.059198578929124
2.0	3.385247572127655
3.0	3.377370187187423
2.0	4.076295723482856
1.0	1.08606848845806
2.0	1.6049936836741596
2.0	2.1712230681026727
3.0	0.6719186316201426
1.0	2.7564374275143773
3.0	4.3084688386900165
3.0	4.488253377558641
2.0	2.947318129444932
3.0	3.4068046699284746
2.0	1.2542785043063196
3.0	3.260575697815087
2.0	-0.5391371207364939
1.0	2.269146489022081
3.0	2.416207065874592
1.0	2.043592554842655
2.0	0.14173920255142103
2.0	1.8504675321311248
2.0	0.6757067033699935
1.0	0.8873619729321593
3.0	1.8510137809352252
1.0	1.199694434985313
1.0	-0.8435923917785015
2.0	2.064321221438748
3.0	2.572938851807142
1.0	-0.7736193594626126
2.0	1.9581710672586583
3.0	1.443432687603545
1.0	0.6118595127538438
2.0	3.5806267089246306
2.0	1.7715353730659567
2.0	3.1973592802853465
2.0	1.799137239576848
2.0	1.9512934023862387
2.0	3.4955822418617974
2.0	1.5655913569394617
1.0	-0.4812621970624542
3.0	2.1198236207297256
3.0	2.043481403319159
2.0	3.8578297307011713
3.0	3.52652505614098
3.0	2.899580719756484
2.0	0.42201862597400663
1.0	2.7234471404277616
2.0	3.308087585262318
1.0	0.36343864600498454
1.0	2.938250768870816
3.0	2.2915542083823506
2.0	4.221962668264968
2.0	0.1557226511672929
3.0	2.1342133513820367
1.0	0.9558521573870676
3.0	3.632212659899676
3.0	2.2976783755235726
1.0	1.1337231699309946
3.0	3.4899585951083063
3.0	1.870197452386101
3.0	3.4710522225817257
3.0	3.145183711358917
1.0	0.732932490319766
2.0	0.7414060914967875
2.0	0.4581756656327778
1.0	1.1173375946312532
1.0	-0.2934906823971506
1.0	2.0079730817320844
2.0	2.3239504095398553
3.0	1.624594125175017
1.0	1.6742082427865024
3.0	4.235847362861305
2.0	3.1282602601592253
1.0	1.456571263016509
1.0	1.4552693102918721
2.0	3.2823890268792466
2.0	0.33914870168567246
3.0	3.5612203465762327
1.0	0.9698288045954766
2.0	1.7985948736532908
2.0	1.9334445702069307
3.0	4.4340836399769525
1.0	1.4216165678460997
3.0	2.5327313285416353
2.0	1.6759330081178152
3.0	2.0575786965206313
3.0	2.76654376225272
2.0	1.334329248039278
2.0	1.8548272903718561
3.0	2.764983000555415
1.0	0.9234286523192272
3.0	2.0856799435000912
1.0	0.6530648745554144
1.0	1.368840128726042
3.0	4.424853038286894
1.0	-0.5347427914605807
3.0	2.082527783838187
2.0	1.2296197472100314
3.0	4.226868992053617
2.0	0.06017064937787597
2.0	2.001499263105432
3.0	2.1902975546220573
2.0	2.8174054572534986
3.0	3.756715287006807
3.0	2.9609173476707
1.0	3.2985216853995274
2.0	3.9029883149413402
1.0	2.282548466607224
2.0	0.147349671607224
2.0	1.6194196469982725
1.0	1.2719776958052282
2.0	3.603551106659859
3.0	2.329041051895082
2.0	3.15271999059923
2.0	3.3656859270322874
3.0	3.2332489970532445
1.0	0.7145400160621906
1.0	0.3674089639057494
3.0	3.1437932591501934
3.0	4.411883633456176
1.0	1.743347469828508
3.0	3.75288014039439
3.0	2.208294636097429
3.0	2.806660887900178
1.0	0.973891213626584
2.0	0.7360700008665699
3.0	3.587115065471751
3.0	2.283164329030761
2.0	0.09694716395651581
2.0	1.5663614903503356
2.0	1.0372731368917825
2.0	2.240458678501538
2.0	1.7500507984682976
1.0	1.905010863252557
1.0	-0.27732058464870524
1.0	0.5734851185526589
2.0	0.5361346155228037
3.0	4.028912346536253
2.0	1.8775980582783762
3.0	2.5908846311226768
3.0	1.99107923971697
3.0	1.6024664093341596
2.0	1.8120931715829949
3.0	4.288340579999014
3.0	2.860370933914337
1.0	0.66775514539386
1.0	0.14195733899341512
1.0	2.9108518377247883
1.0	2.0404769875200204
3.0	3.5328648520108072
1.0	-0.35448494083375937
3.0	2.470245746011938
2.0	2.550330112788101
2.0	2.5168370484733398
1.0	0.756465949195477
1.0	0.41537467192753896
2.0	2.267240557347964
3.0	3.5714852695989197
1.0	1.4226536643570329
2.0	2.0709872470688437
3.0	2.747212111402318
3.0	2.233713254829394
1.0	1.5456065052921124
1.0	0.43069710186896504
1.0	0.482744541285394
2.0	0.29252210186539274
3.0	4.034822417772969
3.0	1.285188101014447
2.0	1.6815124054796695
2.0	0.6537756461162774
1.0	1.2644973434016467
2.0	1.2691007112501542
1.0	2.0105078151602487
3.0	1.427470669224789
3.0	3.56134652520118
3.0	4.0424285939723115
2.0	4.785490092805571
1.0	1.3203519961518206
2.0	2.8198927412163934
2.0	2.7694325236302424
1.0	2.361031138831739
2.0	2.9099547598429014
2.0	1.5258816829179973
2.0	3.3203621767264986
1.0	2.1677825527986374
1.0	1.9264949925079478
1.0	-0.34846362757982163
1.0	2.0837288845117112
3.0	2.86886384854115
1.0	2.4347496133904425
1.0	1.103108023042791
1.0	1.7562555499676562
3.0	3.370403081046938
1.0	-0.307237842107295
3.0	3.8917866630797096
3.0	4.196982960684274
3.0	2.634672291754065
1.0	1.8160531751473432
1.0	0.5194601558281966
2.0	3.250991430988531
2.0	2.7164150071928415
3.0	2.891370616175317
2.0	1.520562188772264
2.0	1.4508508640772373
3.0	4.259444450769957
2.0	0.3273959834834157
2.0	1.6136177040263882
3.0	1.5929001831176912
1.0	1.0308407680037295
2.0	1.718456969403277
1.0	-0.8895844649261739
2.0	1.0111238236730045
2.0	0.6880287811467962
1.0	1.4727128960992557
3.0	3.413113332367878
1.0	1.817837561496317
2.0	2.7398724845706703
1.0	1.0174102457677259
2.0	2.114404959282825
3.0	2.9762150356534773
2.0	1.8341592342355482
1.0	-0.41816178278443794
2.0	1.7082013073338007
1.0	2.126853171799287
1.0	1.3240161111151938
3.0	2.642350854712083
1.0	1.7777119189277193
1.0	1.116629597908201
3.0	2.717397148104448
3.0	2.2175436308363023
2.0	0.6239727157801329
2.0	0.9321609652233647
2.0	-0.3628234386054352
1.0	1.9981995313916354
3.0	1.326405679931263
2.0	2.610238634940658
3.0	3.7734371107327735
1.0	1.526653683767337
3.0	3.5722431230139318
3.0	2.9712366786600564
1.0	0.8111687705745163
3.0	2.6041909678730373
2.0	1.2978962363065483
3.0	3.1111958663729604
3.0	2.328697542289866
3.0	1.8741278791142353
1.0	1.82963657049824
2.0	2.7435209048102145
2.0	1.2363966998390667
2.0	2.7205509041126676
1.0	1.5124268947930979
2.0	3.1879165586651754
1.0	0.351988963213822
1.0	2.276793824953434
3.0	4.178987721684127
3.0	2.497838477782324
3.0	4.182774569814395
3.0	3.355298293476971
1.0	2.015827402226863
3.0	4.097110946049341
3.0	1.8817371412952668
2.0	1.8207310716236436
1.0	-0.8208791336962837
1.0	0.21874281703376264
1.0	1.2473968467358283
1.0	2.3486447237056227
1.0	-0.07561385738355031
1.0	-0.5116514443570679
3.0	3.3004923590076958
1.0	0.24646416081560063
1.0	0.06160330251656687
1.0	0.7536896409917707
3.0	4.940894921021598
2.0	-0.22549321307523673
3.0	2.6784127967637694
1.0	2.162534228685069
1.0	2.720960585861989
3.0	4.331342558964315
2.0	2.549526709232217
2.0	3.928135822164351
2.0	2.818448683543153
1.0	1.8778861475660014
2.0	3.358202471253598
1.0	1.4199258664534313
3.0	3.1390285864352228
1.0	1.0389776855535242
3.0	4.34688318050158
1.0	2.2670115144499183
2.0	1.446936039205947
1.0	0.5703938015590939
2.0	3.1413974440991623
1.0	2.723618322904069
3.0	3.080285200351436
3.0	4.82957942263064
1.0	1.2179393157840406
1.0	1.1291545946066468
1.0	0.3206866663264577
1.0	2.125331114230952
1.0	-0.23677696388054592
2.0	2.8902491535515527
3.0	1.7543219827500647
1.0	0.9977431015173878
3.0	3.2462289877561292
2.0	1.1506153249196982
1.0	-0.9092412906377014
2.0	3.2697538337640797
2.0	1.5243849858631
1.0	0.7057467922931188
3.0	3.037133432094256
3.0	4.220951338621207
3.0	4.031100352972168
3.0	3.3264123068332596
1.0	0.8081902287497407
3.0	4.232447018038799
2.0	3.5148228158750188
3.0	3.433080795623623
2.0	1.3277578846690503
1.0	0.9911764192148967
3.0	2.5330250694368703
1.0	1.5368290015577024
2.0	2.3411247587142157
2.0	3.972677078240104
2.0	0.07254414416433996
2.0	4.024048009366281
3.0	2.563259252987304
2.0	1.6074556441589372
3.0	2.3898002144738926
2.0	3.167517854965381
3.0	2.474692578070357
1.0	3.2963853804571057
2.0	2.2314813316021374
2.0	2.7190945974965284
1.0	0.6662521353652164
3.0	1.2404677836852815
3.0	3.5382545124165716
3.0	2.825458328753384
3.0	5.414047505383764
2.0	3.238111701803755
3.0	0.9647580720685358
2.0	1.8793673549363306
1.0	-0.8287790296043382
2.0	3.109287157397395
3.0	3.427668391708521
1.0	2.04875569961351
1.0	0.9190581056758634
1.0	-0.19945998956156563
1.0	0.9179529430350871
3.0	3.1507201834943923
2.0	2.516492231422874
1.0	1.9473035972872847
3.0	1.2499611828164874
3.0	1.902915313895937
2.0	2.8994792979727704
1.0	-0.9255391817223235
1.0	1.51168271234766
1.0	-1.9115853197967008
3.0	3.4469716026835355
3.0	3.827873081593999
3.0	2.6785077732667335
3.0	2.4713697368725365
3.0	3.3496319256503053
1.0	0.42287835020186926
3.0	4.652919378688731
2.0	2.687361706704141
1.0	1.1762281354308404
1.0	1.2021511253852606
2.0	2.7777683202707943
3.0	3.88877187888645
1.0	1.4199554158607146
1.0	1.1807519866808445
2.0	3.048506552123266
2.0	2.078422414756465
3.0	4.631112394102157
1.0	0.6877574994624482
2.0	-0.048187033085912656
1.0	-1.6613068100183503
3.0	3.2142243552730667
3.0	2.1722231612716576
2.0	2.9282275511210063
3.0	2.073806352908705
3.0	2.835530401800529
3.0	3.4237722882940735
2.0	3.200151176968977
2.0	0.592572130786843
3.0	0.5087829121849055
3.0	3.9814288756165936
1.0	0.750672748558791
3.0	3.6284140786568075
2.0	0.30251027302681766
2.0	1.1522000093041767
1.0	0.39292087079862015
3.0	2.7510286998856457
1.0	0.8870088206033774
2.0	1.4789309125880663
3.0	2.611339496547038
2.0	0.9045054381511426
1.0	1.4553585637199729
2.0	2.8561617827256858
3.0	3.898709456582945
2.0	3.1401246677338785
3.0	2.1787404697171544
3.0	3.5798530155396144
1.0	1.1312035256434299
1.0	0.9411603849790496
3.0	3.992758732332656
1.0	1.8074192334817267
1.0	-0.004869684836666055
3.0	2.3786111955853677
1.0	0.6569408706327338
1.0	2.075076659927585
3.0	2.545365187783314
3.0	4.183526357365716
2.0	2.1474148615487523
3.0	4.327219172365609
3.0	4.303207626357145
3.0	3.080551338281322
3.0	3.1385222989487644
2.0	1.5468633366954623
2.0	2.2663146223537614
1.0	1.8312894039938863
3.0	2.3005104172285855
1.0	1.2577526210987868
2.0	2.7764129152797317
1.0	1.7962755376357071
2.0	1.8247198259720316
2.0	2.869345821763166
1.0	1.1632753678252026
3.0	2.5769025363066955
2.0	1.0199706278375271
2.0	0.5883059821128029
2.0	1.0900430533363101
2.0	1.2568267949668777
3.0	3.328539156351255
3.0	2.46814494959086
2.0	1.8046196367465837
3.0	2.2656876791887517
3.0	1.928932317137812
1.0	3.2959754021298298
1.0	0.34919884839194815
2.0	1.7216138633010032
1.0	0.7992154497123691
3.0	3.5208897063954647
2.0	2.1883462991311067
2.0	1.9450620319452518
3.0	3.3342311467735737
3.0	2.388232903626689
2.0	3.5044286551776365
1.0	-0.04543987698867569
1.0	0.01644884870995933
1.0	1.3519020175538894
1.0	1.0584995546028093
1.0	2.9356502846423562
1.0	1.2299948934815057
3.0	3.3914881413052336
2.0	1.125217112567848
2.0	1.8007501231758583
2.0	1.6958157287705329
3.0	3.870290420743385
2.0	1.33557676876568
2.0	1.901442404593304
1.0	-0.10043604480991442
1.0	0.28455296226263793
2.0	2.5355549752022104
3.0	3.4721673493545677
3.0	2.3604392391538083
3.0	2.8969347480149272
1.0	2.5006472858382147
2.0	2.4339403243285154
1.0	2.196054989726462
2.0	2.0136539100594666
1.0	-0.20288871102472195
2.0	2.7677380636351954
2.0	2.6315278649291236
1.0	1.3284813201926164
3.0	2.7099033547996143
3.0	1.877146473153863
3.0	2.956192331881422
2.0	1.9470516992903408
3.0	3.3783793485892524
3.0	2.5499966176828797
1.0	0.6025105286014685
2.0	0.9555216348357285
1.0	-0.2479238457051678
1.0	1.9062651724072128
2.0	3.111179155795301
1.0	-0.012251539960558055
2.0	0.4826589300339541
1.0	2.0313868705881597
2.0	2.5186983117822197
1.0	0.6864152963204977
2.0	1.1586102572592072
3.0	2.906653908647922
3.0	2.2431373498175753
3.0	1.8748541279742972
3.0	1.8478268784262375
2.0	0.4742882273753106
2.0	1.5521118257929993
1.0	-0.2678508139908069
1.0	0.8858192012533481
3.0	4.135950200513023
2.0	3.239718504561308
3.0	1.5432241758757574
1.0	1.551716611842575
3.0	2.526407911791519
2.0	4.073338891344742
2.0	1.6597280790785938
2.0	2.5347678880970332
1.0	0.21057605863359585
2.0	2.7978158953753764
2.0	2.747780913462251
1.0	0.5969545058139059
3.0	4.9467623713639055
1.0	2.6275236185182043
2.0	2.321635168116422
3.0	3.31841662909508
3.0	2.670699997844787
1.0	1.8707977366549045
2.0	0.8089972975494062
2.0	1.6834477948081163
2.0	1.8015598813449405
2.0	2.161482880507829
1.0	0.15575681358891647
3.0	2.6237057840513165
3.0	3.960062877882972
1.0	1.5046966241112387
3.0	2.754581481530516
2.0	2.090768111021343
1.0	2.303608268476631
2.0	1.465984334754328
3.0	4.236467143727849
3.0	1.8166121224111185
2.0	3.099907119055747
1.0	1.293187536808217
3.0	2.5854753796790075
3.0	3.7695887698801998
2.0	2.1033972011918776
2.0	2.3442983369427077
1.0	0.1552119900110105
2.0	3.3951085092865134
3.0	5.561200803531216
2.0	1.9685590670615372
2.0	1.2446700607463947
3.0	2.461022674765643
1.0	-0.01446246351775149
3.0	3.5344549711411215
1.0	-1.4681087544823734
2.0	0.6236381525226422
2.0	2.6454214061298313
3.0	2.919455003320649
1.0	1.979408931038644
3.0	2.4692711128020877
3.0	2.826810953455672
1.0	-0.27053689889918475
1.0	1.6204244379222361
3.0	2.060945815839815
3.0	2.4558199828263882
1.0	1.139257475282941
2.0	-0.2609265333635906
2.0	1.9544678281788994
1.0	0.279807987639325
3.0	3.2874001065468574
3.0	2.973552188931963
1.0	1.060407387210838
3.0	3.1170000757896807
1.0	0.44143509333798503
2.0	3.734337256838395
1.0	0.8911131309066773
1.0	1.1500873238416813
3.0	3.7270815989489243
2.0	2.5907815927407376
2.0	2.1328695070620474
1.0	-0.6332744088881621
1.0	0.5166920142296327
2.0	1.5345338983556958
2.0	0.7387395966098698
3.0	4.031839117951398
3.0	2.2505975197690633
1.0	0.35756281166557713
2.0	1.8784470432213467
1.0	0.0121205343086076
2.0	1.4440841049762931
1.0	0.2972675426291629
2.0	2.2563950317984225
2.0	1.33560349238378
1.0	1.41686262643841
3.0	2.676685779985971
3.0	1.9512078545699532
1.0	1.3807961470088914
3.0	2.934232029636933
2.0	3.5538595942872
2.0	1.6683294034073888
2.0	1.4527104236498012
2.0	1.0439787690701654
2.0	2.441430786467289
1.0	-0.3954040792529321
1.0	0.6341129754374225
3.0	2.783524867884282
2.0	2.9376382149794846
3.0	2.7139375345314294
2.0	2.5350968731332926
1.0	0.5825531557406658
3.0	3.238473781715037
3.0	3.73774932455236
3.0	3.1284489391102577
1.0	0.0817470533732586
3.0	3.445194076263692
3.0	3.076695328796544
2.0	3.0836923417750555
1.0	0.6339365469849556
3.0	3.8792622393354526
1.0	1.4772152532063099
2.0	1.793329049060945
1.0	0.5894983043128548
2.0	0.6301645640772298
3.0	4.03248807959479
2.0	1.5028694324006917
2.0	1.8199107447118161
1.0	0.8461497706015009
1.0	2.1009392728128193
3.0	3.0322598602716067
1.0	1.878271254472404
2.0	1.1967053400166563
1.0	0.1565050777915925
2.0	2.009085269714318
2.0	1.4130668417141803
3.0	1.0856372491236377
1.0	1.3334208122705138
1.0	0.37892285750279187
1.0	2.044400521016116
1.0	0.3645824100689399
2.0	2.1463429884967975
1.0	1.2186674111594353
3.0	4.105004340326923
2.0	1.1275224716066243
3.0	1.9302199499258
1.0	0.7191011123768498
2.0	1.8281318313892851
1.0	-0.23774608437285227
3.0	4.05824250156359
1.0	0.9839659083961668
1.0	0.5937025317012917
2.0	1.6095689154615058
2.0	1.4663142903314457
2.0	0.908730216010871
1.0	0.7615137718545704
3.0	3.1027924420172925
2.0	0.6369345079593631
1.0	2.054639360257826
3.0	4.480197401098157
1.0	1.4725540922936284
3.0	1.4066696823660678
1.0	0.17385149994192195
1.0	2.2432901428923815
3.0	2.4480207811349186
3.0	3.0940580465748737
3.0	1.8965524355312173
3.0	4.997278261791765
2.0	2.6297073608838173
1.0	2.140724463256946
3.0	2.3310431396426825
2.0	1.9339909150124734
2.0	2.0185920110171978
1.0	1.785623339135049
1.0	0.502071676601553
1.0	0.3492585311632068
2.0	2.2508989509492614
2.0	0.7962830986851372
2.0	2.4080800191862277
3.0	2.5323998468380653
2.0	0.2130223710699113
2.0	4.651796015639288
2.0	3.5746924022293434
1.0	-1.6590787958301805
2.0	1.569902357234406
2.0	-0.5677824859942735
1.0	0.36570819549954336
1.0	1.0694307979711573
2.0	0.986158799007562
2.0	2.569757614698069
1.0	1.0991376041581087
1.0	0.459827833855069
1.0	1.5923461078001684
2.0	2.3102218156751273
3.0	3.756161187181544
1.0	0.3109292614306982
1.0	3.7715659225459164
1.0	1.6384952620735227
1.0	2.6853749872658303
3.0	3.37146996663705
3.0	1.9832523114976948
3.0	3.1468843365013153
1.0	-0.8291044055226686
3.0	1.9775157953603328
3.0	5.086145523780499
1.0	2.2064457065283802
2.0	1.3413136529048582
1.0	1.2062923049156409
3.0	1.7322336671042784
2.0	1.5683307676786993
3.0	3.187424621442606
2.0	2.6960129025812174
2.0	1.5037212942434754
3.0	3.2935149047141548
1.0	1.5283531671006283
1.0	2.350252785155609
2.0	0.1705660110496101
2.0	1.8994142965199157
3.0	4.54140889975117
2.0	2.342855107603091
1.0	2.4221466274145325
1.0	-0.18630714373766355
1.0	0.6789092565470787
1.0	0.6562757775571817
2.0	2.826211801325118
3.0	2.60869835287552
3.0	3.282113881677238
3.0	1.5466873712900189
1.0	3.625345429159708
2.0	1.2914180963460615
1.0	1.9598800635840905
2.0	0.4279560610923332
3.0	3.0262321698904056
1.0	1.6025635109968708
1.0	-0.7204964210694424
2.0	0.6992058138249388
2.0	2.176371828994234
2.0	1.9905213277108977
1.0	0.07663460895878738
1.0	0.8814940767786541
3.0	2.5470369842932965
1.0	0.2867149038184005
1.0	1.6010562097788428
2.0	1.058445374677905
3.0	3.113943625941962
2.0	1.0542787446520985
2.0	0.6171310514266224
1.0	0.6870261381283622
1.0	1.5422551807501037
3.0	3.88170545985686
3.0	3.451118659534687
2.0	1.402694159191749
2.0	0.5960480228684264
3.0	2.513864898168645
2.0	1.0798621895099818
1.0	0.5302336549763761
1.0	-0.28649794730111133
2.0	2.824415679693196
3.0	0.763922140098781
2.0	3.151890898384235
2.0	0.873688711884284
3.0	3.903007405712304
2.0	1.4693515213897228
3.0	2.8072195661579245
2.0	0.41972089223291964
1.0	1.1559964616345728
2.0	3.555491055820318
2.0	2.7887958917782876
2.0	2.2452564683803016
3.0	3.8986293903810765
2.0	1.345667955769497
3.0	3.818214997527544
3.0	2.5806752673362654
1.0	1.3997261050315566
1.0	1.013802727460985
1.0	1.9423031210457078
1.0	3.02508172968078
2.0	1.8583238990486726
2.0	2.310856365458096
1.0	0.5803496723117869
3.0	3.9963356090475646
3.0	3.4532717109645663
3.0	2.2103700148960255
3.0	3.17784818558078
3.0	1.642292404740841
2.0	2.0023473582427447
3.0	3.618252031393213
3.0	3.045425989278176
3.0	3.760003493262248
3.0	4.617917079189612
3.0	4.737227881892571
2.0	0.796534685319328
3.0	5.454193033326274
1.0	-0.6167150974547297
2.0	-0.490421268241676
2.0	3.0257532998053307
3.0	2.2274818480689182
2.0	2.6689451402455977
1.0	1.5754984554359392
1.0	-0.2848588003102892
1.0	-0.14242869347303033
2.0	2.430608457727712
1.0	0.42880629822641037
3.0	4.00052168366115
2.0	0.423217093918425
1.0	2.3389111559099782
1.0	0.29429054062972115
1.0	1.300873508397723
3.0	4.656809508323169
2.0	2.2912271102244217
2.0	3.7114581441981405
3.0	3.0938159762243997
2.0	2.8226321775210543
3.0	1.4811114661421436
2.0	2.9417545415137347
2.0	2.229363836742349
1.0	0.5704248226554722
2.0	1.5489769193654874
2.0	3.3448950984343098
3.0	3.094259917654307
1.0	1.7222191177180637
2.0	2.679537137590207
2.0	1.1673217773940567
1.0	0.015159800648571808
3.0	4.9620834098246736
3.0	3.3451831043481084
3.0	3.610174284166871
3.0	2.56906701355413
2.0	2.3131109218831614
2.0	1.4291196230357146
3.0	2.699466727735489
1.0	1.0990428220645443
3.0	2.9550570696210094
1.0	-0.8196135953243351
1.0	0.8900422454563252
3.0	3.5931319126011267
1.0	1.0445800198282158
1.0	-0.44140351911048503
2.0	4.093854774312416
3.0	1.8987826261231573
1.0	0.5894686071965317
2.0	2.824518380123755
2.0	1.8025806383836462
3.0	3.6617856618883238
3.0	3.8406888200164597
1.0	0.14339518822940867
1.0	1.6222299517766832
3.0	2.757475475024941
2.0	1.4701299554415919
2.0	2.0766553763374853
1.0	2.6506050377285706
1.0	-0.8038473172610134
1.0	1.1234695443372549
3.0	4.469168394267278
2.0	0.2984213667485174
3.0	2.799755939014028
1.0	-0.38703992152475
1.0	0.7595995995750218
2.0	2.989783122789282
2.0	1.6801632940310762
2.0	2.2243518581894737
3.0	3.147878740342285
2.0	1.315058523649192
3.0	3.317687431131761
2.0	1.2655529257536169
2.0	0.848820707714607
2.0	-0.7215362761719506
3.0	2.7448631337890808
3.0	1.6094311710478766
3.0	1.0259848769068391
1.0	0.18981554654630395
3.0	2.562169172822328
1.0	2.0999888998904632
1.0	1.8154309073589125
2.0	1.7614492761691045
1.0	1.432723319203989
2.0	1.0864875787087267
3.0	1.9449587780311102
2.0	1.013382024952371
1.0	2.672745723846548
3.0	3.2349928757736945
2.0	1.5098026601136039
2.0	2.3442406189957725
1.0	-0.29497415744395994
1.0	1.3244243910016467
2.0	2.0997234365913253
3.0	3.8922322806924137
3.0	3.573086505549045
2.0	1.865856141098349
1.0	0.2045822489088951
3.0	1.6045746573711372
1.0	-2.004284649034196
3.0	1.4273343910098317
2.0	0.593057962077111
3.0	3.5170625764606185
2.0	1.6445419824013614
3.0	3.010885166863008
1.0	1.0300468846811917
1.0	-0.30573841372883503
2.0	0.5893809353642387
2.0	1.885377550163647
3.0	3.4065379462726337
3.0	3.9822587057426686
2.0	2.314543934918655
2.0	4.7032362707013675
1.0	2.062128197679007
1.0	-0.0968781367465903
3.0	4.224112912912197
3.0	3.5912313822598465
1.0	0.49721218428662795
1.0	0.4422901750766629
2.0	3.3264906711015785
3.0	3.0910782525084466
3.0	2.896855928661536
3.0	2.2506011160500314
1.0	0.9695259008678567
3.0	2.151392010987846
2.0	2.5678324554187526
1.0	0.7894785371979867
3.0	4.738522418486076
1.0	0.2492264004001321
1.0	0.7313883104157399
3.0	2.944382154636442
3.0	1.7433424079182296
3.0	1.1347526863647288
2.0	-0.8089348118376751
2.0	2.6593668526059884
3.0	3.7069042495058455
2.0	3.430588441764244
2.0	2.09340080804589
2.0	1.9321997589239501
3.0	2.734939542364444
3.0	3.6846591772335606
3.0	4.999103240473943
3.0	1.653460386574113
1.0	1.8656901284971021
3.0	3.0867422741767636
2.0	2.0754834381544476
3.0	3.1262491957740597
1.0	0.3468768762914677
2.0	3.208461633097765
2.0	2.871834500488679
2.0	0.9942974206894406
2.0	2.435925571053532
3.0	3.0141338347912443
2.0	0.3218070753567961
1.0	0.32372459827594824
1.0	0.4492731679310342
3.0	3.1862258124362164
2.0	2.246785094298926
3.0	2.394256885686205
3.0	2.11121789925793
2.0	1.4030059500113468
3.0	2.517619085866966
1.0	0.2529256621552618
2.0	1.9588132034453092
2.0	1.9649243507421121
3.0	2.6452370572905797
2.0	3.9406742228623974
1.0	1.314051170495383
2.0	-0.21886855019101326
3.0	4.318386180983206
1.0	1.2745146071210636
3.0	3.490721820572203
3.0	3.667345528675878
1.0	1.6400486934710927
1.0	-0.27790464516564395
1.0	0.225512598002499
3.0	3.350251843084443
3.0	2.4404277058564263
3.0	3.638536718257771
3.0	3.119785113195599
1.0	1.3168889138193485
2.0	2.118353129117644
3.0	2.432726189310916
3.0	5.991855724131629
3.0	3.361380315452513
3.0	2.744816907901673
2.0	1.4634888911493242
2.0	0.5806276484855768
1.0	1.5434922904634738
3.0	2.5199505498248875
1.0	1.1689360299123863
1.0	-1.359274059082784
2.0	1.7640476314270506
3.0	4.039557575593518
1.0	0.07462036759218904
3.0	2.6570106163231553
3.0	3.1115273849756058
2.0	2.305145800440752
2.0	1.6059852753040114
3.0	2.733232086194141
2.0	1.261099577781934
1.0	0.9663015937557641
3.0	3.019410804764912
3.0	3.3261453737601316
2.0	2.888260707689744
3.0	3.8560949508692275
3.0	2.426566668878891
1.0	0.87379749311096
3.0	2.6306571412379456
2.0	0.6970854081899285
3.0	4.059280531492094
1.0	1.928099566004406
1.0	-0.059522739933812296
1.0	1.2662074351007806
1.0	1.3636086561794074
1.0	1.622361483868471
3.0	2.3897890473492596
2.0	1.6237888289841653
1.0	-0.819258617354885
3.0	4.313954736103835
1.0	1.593202615871904
1.0	1.2415365317104756
2.0	1.8220372015442736
3.0	2.151615400191629
1.0	2.0770839719208922
2.0	1.3556643725947017
2.0	2.3088295324588266
3.0	2.8788105375136466
2.0	1.5557610683765983
2.0	3.7473786095796395
1.0	-0.25840376171228696
1.0	0.619747985764922
3.0	2.475190617768357
3.0	1.9624267003224878
2.0	1.9167036523047296
3.0	3.9011619076446276
2.0	1.3772164322001523
1.0	1.654973501968914
3.0	1.440582561362064
3.0	2.45376911160108
1.0	1.3731885839921536
1.0	1.59469718174734
2.0	0.6020440986689288
3.0	0.6502280299947181
2.0	2.4676503337456728
3.0	3.0890996976135066
3.0	2.5901057527752385
3.0	1.8648649145976413
2.0	2.3565668130678694
3.0	3.512738342363579
3.0	4.505322600838914
3.0	0.5315134737280807
1.0	-0.06409149302286643
1.0	0.7948551136904483
2.0	1.3589096153118156
3.0	3.6637602153659286
1.0	-0.15833454227749977
1.0	0.02933366007136562
2.0	2.5168804694310376
3.0	3.3788266866002115
2.0	2.9754718392132706
1.0	1.4776340620762685
2.0	2.324840559490653
1.0	-0.12060138378383467
3.0	2.4174019131744258
1.0	2.711002433721671
3.0	2.3314984839296935
3.0	1.7642515747697913
1.0	3.2389043701687363
2.0	2.8328750881994647
3.0	3.757518223639714
3.0	2.083357415486949
3.0	4.367374829379685
3.0	1.3722014239891822
1.0	0.17809908088485438
1.0	2.159992023675816
1.0	1.9093888094448452
3.0	2.4026677319260887
2.0	2.0418195635231915
3.0	3.5814687694820018
3.0	4.887801656480844
2.0	2.7061607892204096
3.0	4.3312425690107865
3.0	3.2853484857488326
1.0	0.8074087528599134
1.0	0.7714716488544306
1.0	0.027539676060001517
2.0	3.252902522529248
2.0	2.0698669425521987
3.0	3.457538314079945
3.0	3.185503437784447
1.0	-0.7097843151199645
1.0	0.3315033070927743
3.0	3.6589884414072142
1.0	-1.2139999264559838
3.0	0.211519844009882
3.0	2.661079871967029
3.0	4.273352456987037
2.0	2.3015073527207934
2.0	1.977226278024368
1.0	0.7255180837362316
1.0	-1.0682937607439316
3.0	2.7167663817233194
3.0	3.873572014861179
2.0	1.9373661009171836
2.0	-0.03624040658980965
2.0	2.020811993687494
2.0	2.5834008877055377
1.0	-0.5295556942606445
1.0	2.0937541509778628
1.0	3.446537928168339
3.0	2.514984628351965
2.0	1.5338397118826117
1.0	0.9854882439604545
3.0	2.6550858352023523
1.0	2.0158189733854135
3.0	3.3754254109683792
1.0	2.0899873787614824
1.0	1.851782885225922
3.0	3.6570794488761957
1.0	0.15775679659141917
2.0	3.3860659181696384
1.0	0.505730856790576
3.0	3.0151397680823164
2.0	1.7240229811470589
2.0	2.502436880259461
2.0	2.426230415100844
3.0	3.989611640847068
3.0	2.5719630356526624
3.0	3.4159448770920853
3.0	5.221437348155566
2.0	1.277465387976541
1.0	0.8118400020629045
3.0	3.5298628345164396
3.0	4.942086503512908
3.0	4.831412191964899
3.0	5.85152968195076
1.0	0.4444352274137572
2.0	0.3128298228052182
2.0	3.980633890797378
3.0	3.3568210434465464
1.0	-0.6505830772776013
3.0	3.317127192923559
1.0	0.9128076800636232
1.0	2.883755092286486
1.0	-0.36652907321105266
2.0	0.8507249050577308
3.0	0.8497044540427208
1.0	1.4433521899705455
3.0	1.0724927266864
2.0	1.1623515052082194
3.0	2.8532647282606227
2.0	1.564273058163462
3.0	3.255642241710469
3.0	3.761071790948257
3.0	2.187913678306979
2.0	2.3926981116616304
2.0	1.6190486463293505
3.0	1.88292302505925
1.0	0.09090785314434047
1.0	1.5875206039067251
3.0	2.2732188515569005
3.0	4.653810298727921
3.0	4.693282101178928
1.0	0.12390307153685498
2.0	2.313936702737154
1.0	0.82410435644404
1.0	0.026838109813055233
3.0	4.2894275598632445
2.0	2.1007675376762034
2.0	0.4261724263546742
2.0	4.033862000511121
2.0	2.5016063234492716
1.0	0.9589801759515479
3.0	2.926406733143962
1.0	-0.8042930340418677
1.0	2.4496787095669585
3.0	3.2266989839116986
1.0	2.8082188884711554
2.0	2.3362245407380886
1.0	1.4845673988133072
2.0	2.814227618373086
1.0	1.8140486104174482
3.0	2.790020046581962
1.0	0.4481908964510065
3.0	2.798298046402409
1.0	1.8681314290595845
1.0	1.9545090732063692
3.0	3.770794340078538
1.0	0.17354365611164124
3.0	4.934438290175125
3.0	3.141820635492909
2.0	2.5489045810368243
2.0	2.3669614245274824
1.0	1.07849765353427
2.0	2.1701438017654575
1.0	-0.7090398921015646
3.0	4.663902878514626
3.0	3.0728900114391853
2.0	1.0076683128261177
2.0	3.7540748554189873
2.0	2.460705539779838
2.0	1.4106574632539846
2.0	2.0317989562883474
3.0	4.262585104136936
1.0	-0.9521785751931877
3.0	2.719532278171523
1.0	1.558326556789075
2.0	1.436113659873341
1.0	0.11496744716610374
3.0	3.370405939992608
2.0	2.7728942978520785
2.0	2.5455111641542953
2.0	1.5357776395012483
2.0	3.829803443864087
3.0	4.962032809391389
3.0	4.11999078157499
2.0	3.15963073963861
3.0	3.3618942380089027
2.0	3.0067877443030566
1.0	1.610900942524644
1.0	0.8629427243561225
3.0	4.406477090697313
2.0	2.603371894204006
3.0	2.814653000667659
2.0	2.53916448815632
3.0	4.286208522537332
2.0	1.3192823442675716
1.0	0.5007975621417095
1.0	-0.45403633132766674
3.0	4.912576107199974
2.0	2.838895973652604
3.0	3.1791602806041586
2.0	0.8711106538029623
3.0	2.1991518165772064
2.0	1.9240773798425006
3.0	3.76824597111463
1.0	1.274891157738414
2.0	0.8314503876052011
3.0	3.9668445522131517
1.0	0.09018983367773359
2.0	1.0664874825574167
1.0	0.8949776724478155
1.0	0.5484831574709066
1.0	0.9412064593459513
1.0	-0.3964506209174552
1.0	3.0937891512823827
3.0	4.2382353999703755
2.0	0.6729685636606897
1.0	0.4798175627344372
3.0	5.224224298437173
3.0	4.936729999187217
2.0	1.156205205651529
3.0	3.195558822136052
3.0	1.6912923285049157
1.0	-0.4290377593862913
3.0	2.923735630014953
1.0	0.7279660421188152
1.0	0.3532644074479575
1.0	1.2379618461856006
2.0	1.4843032225423562
1.0	-0.1588346769646245
3.0	2.034463312870402
2.0	0.1747076595635111
1.0	1.2506661819902112
2.0	1.931563774838753
2.0	0.729665298673907
2.0	1.5827980602044545
3.0	2.7234251165995365
1.0	-1.467787493789297
1.0	-0.6684083825616303
3.0	3.080659927361547
3.0	2.9025323400153296
2.0	1.1141092545887123
3.0	3.379358939548528
3.0	2.9704022308644937
3.0	2.9788854149659914
2.0	2.712644764507156
2.0	1.217351565785705
3.0	1.4152125299383136
1.0	2.221530582481944
3.0	3.7679239674932967
2.0	2.423588863478477
2.0	1.3955043164096068
3.0	2.9964798182442687
3.0	1.8412904587511667
2.0	-0.2413567063964175
2.0	1.1164335095026812
1.0	1.3128846871890318
1.0	1.914344401842543
1.0	1.9263209472781704
3.0	2.6446728892731706
1.0	-0.7776361824188314
3.0	4.321214550111609
3.0	2.9667144687980986
1.0	2.591122976446777
1.0	0.8101471541763917
1.0	2.1241339299784734
2.0	1.0802358533788619
2.0	0.6111215204997191
2.0	1.4722446442506933
2.0	3.1202568984387318
1.0	0.3250550859162784
1.0	-0.0421917927036497
2.0	1.3282022740016726
3.0	2.6942338758495943
1.0	1.5875302128022835
2.0	2.9407978435326525
3.0	5.619353052543076
2.0	-0.3413483827715753
2.0	2.9906548160392936
3.0	1.3578933192963083
1.0	-0.2657326028957816
1.0	0.8360968223413727
3.0	3.6446102722521676
3.0	1.9616613085896857
3.0	2.524187653578276
1.0	1.9376554741598144
2.0	2.190024993065123
1.0	0.7423295617987651
2.0	0.4717683704695139
3.0	2.355975572941095
1.0	0.33378056990385563
3.0	3.4695781443945815
2.0	4.264281939152577
3.0	3.2611323095241156
3.0	1.9731018056705567
1.0	0.06853289850817534
3.0	0.896162546314502
3.0	2.5137509852127726
2.0	2.25040359365771
1.0	1.23033372040853
1.0	-0.01894312917701524
3.0	4.860459311168039
3.0	2.653860375127027
2.0	1.8770355003160144
3.0	4.1619839368540354
2.0	1.2821197239838935
2.0	2.849676185086933
3.0	4.6990467636529445
2.0	2.360278393990065
2.0	2.149822529844864
2.0	1.887173236697198
1.0	1.453721296683272
1.0	2.210526305342278
3.0	2.8106184109454806
2.0	2.578391022754977
3.0	2.0142604135883557
3.0	2.0805276369033763
3.0	3.152162193588814
1.0	-0.04736957589693258
1.0	2.6366355673388884
3.0	3.3396649880371623
3.0	2.5580924389527016
3.0	2.7325049494501137
2.0	2.131905698440879
2.0	0.6090829899932058
1.0	1.326952573904788
2.0	2.285757349455366
2.0	0.05762123698372923
1.0	1.3799429075749032
1.0	-0.2608308082235009
1.0	2.365388578354498
1.0	2.213818043397736
1.0	0.2704951254292154
1.0	2.100117226363637
2.0	3.2880339697692342
1.0	0.32071999361681947
1.0	-0.5522993654007862
2.0	3.0620953716150834
3.0	2.8888792670231496
3.0	4.70052792805846
1.0	-0.3391920138223632
3.0	2.9192547484648466
2.0	2.1581337037605897
2.0	2.259899306916183
3.0	1.7407022394885392
1.0	0.4095154139801661
2.0	1.6518822962880744
2.0	0.15562483347254275
3.0	3.4860937608778353
3.0	4.117763421363232
1.0	1.1832948698423615
1.0	-1.2265671324951466
1.0	1.511516665512691
1.0	0.09578798362845431
2.0	0.6912900750069997
1.0	-0.09872727713786955
3.0	2.9360437930689898
2.0	2.1807437610902554
1.0	1.398183814753529
2.0	2.2699831496147787
2.0	2.3128803429497986
3.0	4.6612580074536085
3.0	2.7886339300975536
2.0	0.3649652073305436
2.0	0.9577994946720336
3.0	2.7060781641034253
1.0	1.0269923101991325
3.0	3.7886567217539335
2.0	1.9347506000410748
3.0	3.4728096615367168
1.0	0.6790504169036793
1.0	2.239900707655133
1.0	2.2619381829783354
2.0	2.159122809065445
2.0	2.082329484832471
3.0	2.993464727997864
3.0	2.8092986250998733
2.0	3.708562695100864
3.0	2.1085013298189295
2.0	1.6003544940189718
1.0	-0.7811891927285182
2.0	2.5245401385338626
1.0	1.652990319306853
3.0	3.4664261438450974
3.0	3.3353318456146406
1.0	0.5546163991697255
1.0	1.9719502716838482
3.0	4.2302186167427696
3.0	3.070830682358597
2.0	1.9910644538697662
2.0	1.973389911551029
2.0	2.343078335011383
2.0	2.7577530771707233
1.0	1.4042977197468984
3.0	2.921203081259219
3.0	3.7578452380789136
1.0	1.3272115028458369
3.0	2.4097190929008994
2.0	2.7453403667315848
1.0	1.0219624445863194
1.0	0.8392869447779406
1.0	1.3760560036921141
3.0	2.849683542627913
2.0	2.4581955720644086
3.0	2.846686489600268
1.0	1.8099609123162028
1.0	0.8380581791581999
3.0	3.6635264192672827
3.0	2.1899602233998934
2.0	2.4669112862074387
2.0	2.4126335888807446
3.0	1.4106075439666699
3.0	3.7224836747089647
2.0	2.9349941617670505
2.0	1.6983526368231265
1.0	1.7871124366279336
2.0	2.774604377431915
1.0	0.28701242836429985
1.0	2.806233574038452
2.0	0.6648745494519812
2.0	4.268884464956397
3.0	3.533598134247626
2.0	1.1552722929683712
1.0	1.4903492929036262
1.0	1.302376659482515
3.0	2.445554090723875
3.0	2.2692008893128035
3.0	4.1958973725899185
1.0	2.703950513343494
1.0	0.9300253247096252
3.0	2.171119758424262
2.0	0.9408487208615448
1.0	-0.6468436670735489
1.0	0.8540380432587815
1.0	-0.6359201945920432
2.0	0.44924004581354415
2.0	2.3790934922471103
2.0	0.58894686755589
3.0	3.4405522608490995
2.0	2.0486394433764645
2.0	1.0613419161803135
3.0	2.9031036521686113
2.0	2.60705788256437
1.0	0.9142214836176447
1.0	1.5822369863564631
1.0	1.4201960331142431
3.0	3.055885849762778
1.0	2.5911848402393947
1.0	2.7518092660972444
3.0	4.031523602406796
1.0	1.0746610958113123
3.0	2.7263375572837925
1.0	-9.396897712512509E-4
1.0	1.6147464739392006
2.0	0.9511838037894658
2.0	0.8681968453732298
1.0	1.2743492371408105
1.0	1.134145048964164
2.0	4.225791156707184
2.0	1.6802771641661374
2.0	-0.7862027967507217
2.0	1.8539033904610611
1.0	0.2700849684870432
2.0	3.7234308410889856
2.0	2.438849524107963
1.0	0.8309627859452199
1.0	2.5124972581507756
1.0	2.7724782434746222
3.0	1.0066386312771458
2.0	0.5467019574863206
3.0	0.9200977517228437
3.0	3.2570820050637312
1.0	0.1426898079787714
3.0	5.451257443374924
3.0	4.431654382776718
1.0	2.219910366201545
3.0	2.135566454186354
1.0	1.5954049247358806
1.0	-0.5249249258580257
3.0	3.092412583963614
3.0	1.8551251995175553
1.0	2.3212007275709885
1.0	1.4810654264000187
1.0	1.170969122089354
1.0	-0.9730293078415984
2.0	0.9272730322255471
2.0	2.3543038123958646
2.0	1.3088974133822031
3.0	2.7520735282769464
3.0	3.0583714639948534
2.0	1.2318464188861555
3.0	2.4702788874613075
3.0	1.9122498560445917
2.0	2.163144979404897
2.0	0.5234661233066138
3.0	2.2953860496771723
3.0	4.0414276879120825
2.0	1.7364912667081935
2.0	1.7262603092274325
1.0	2.2382891434907988
1.0	1.784426890927487
3.0	3.41792731238585
3.0	1.7048430877380303
1.0	0.2867823125954505
1.0	2.694307986468503
1.0	0.10977680239353016
3.0	2.3104866167536446
2.0	1.4511329526222856
1.0	1.424704848355676
2.0	1.9483261652704877
3.0	1.4903645150713005
2.0	3.036837764733646
1.0	-0.7676748975380336
2.0	2.248164586552677
2.0	2.8894770234284377
3.0	2.7860338508892823
2.0	3.0583053992997056
2.0	3.5633833251337084
1.0	3.485676291202653
2.0	3.3551171055067295
2.0	1.874573501319645
1.0	0.2274461754179944
3.0	1.9826956951162418
3.0	3.0726497855043897
2.0	1.2596611640490405
1.0	0.17125245364257125
2.0	1.673179738084459
1.0	-0.2935008254769311
2.0	2.562210119472828
3.0	2.9967786440759556
3.0	2.843599366593792
2.0	2.08558437041599
1.0	1.4428828462055567
2.0	2.664649305609364
1.0	2.740520618716783
1.0	0.1019044166917582
3.0	2.0450328834585454
1.0	0.8814660116527843
2.0	3.2426681930729226
2.0	0.8034335388107339
1.0	1.1954021267298849
1.0	0.027449538811611274
2.0	1.8900429399970315
1.0	1.304805460821144
2.0	1.4418535538648278
2.0	2.061526003978902
3.0	4.960682875226305
3.0	4.057645264721184
1.0	0.47458035464506754
1.0	0.46501071693651597
2.0	2.986837211200233
2.0	3.613356416306702
3.0	4.28418375442166
1.0	3.2436660611799804
3.0	3.8919841255436594
3.0	3.0533410180276452
1.0	1.2026004398257728
1.0	0.5217282681078774
1.0	1.2470740705874297
1.0	1.100312830920894
3.0	3.4535585343050754
3.0	4.78734295681404
1.0	1.35602773989069
1.0	2.4011907724606756
3.0	2.663005322959025
1.0	1.068063054804865
3.0	3.429473556708866
2.0	2.910061306230199
3.0	3.9817361239392013
1.0	0.8825022033022054
3.0	2.6672078229323946
1.0	1.7494138602520897
3.0	4.444678136079452
1.0	-0.7312509556094309
2.0	2.5474437137591246
2.0	1.6500719017204526
2.0	2.8274098669055467
1.0	1.9851518640037062
2.0	1.2540277383759162
3.0	2.534156757006688
3.0	3.407800450485932
1.0	-0.228244743252634
3.0	3.7765826643152325
3.0	3.1765503515484523
1.0	1.5838810372636745
2.0	0.21400370791026657
2.0	1.371435443937614
2.0	1.1568011593412004
2.0	3.6972605851993956
3.0	2.7672013247497707
3.0	3.988180599895814
3.0	3.6346136309932042
2.0	0.6966055824713124
1.0	-0.28394391359230076
1.0	2.3777990648269585
1.0	-0.049102256649429465
2.0	0.9178541418134605
2.0	1.4693345256341221
1.0	0.8919113972527211
1.0	0.33968864416214406
1.0	1.2906927854282886
2.0	2.7593946380340966
1.0	2.0082215981189977
1.0	2.7586017993615553
1.0	0.9143638130163678
3.0	3.755890430674449
3.0	3.7942139854427994
1.0	-0.852322515513446
1.0	-1.053895463432509
1.0	1.3166987678992628
3.0	1.7161308137047406
3.0	1.1240114528271448
2.0	4.491854407526679
3.0	3.479677477564226
1.0	2.59988170119494
1.0	0.6917043189148412
1.0	0.9691055687600756
3.0	1.8601568468207246
1.0	1.870268784186128
2.0	2.7947298686539814
2.0	0.2424239913123385
1.0	0.6539113614205034
2.0	2.7008567655905993
2.0	1.7952649229654538
1.0	0.03273215197427126
2.0	1.223597699591773
1.0	2.516031463563113
2.0	0.9129890559196758
3.0	3.379080105938672
1.0	2.0351306568747747
2.0	2.6008624038584576
1.0	1.109081659180325
1.0	1.7529059510855718
2.0	2.164374616944244
2.0	2.1940695480656105
3.0	3.193372472649931
2.0	2.132553007431879
3.0	4.040996377168511
2.0	0.3044479798222519
2.0	1.706445819682556
2.0	5.754548399016966
2.0	1.6802314343988916
3.0	3.0768645307111844
2.0	0.6275131599268813
2.0	2.27822689120895
2.0	2.3887548731426205
3.0	2.1917906025793625
3.0	3.1893465899970734
1.0	-0.5715600060340993
2.0	2.5873810490803244
3.0	2.9561523900921487
1.0	1.6669025899013468
1.0	1.324729336356663
2.0	1.1844804630330978
2.0	2.1739222589764333
3.0	3.683867234559517
2.0	3.591878516316096
2.0	2.27325231065056
2.0	3.3349429517300058
1.0	1.3398011930225113
2.0	2.5121426367648207
1.0	0.8244343231067802
3.0	2.0968207221526822
2.0	1.6477554641465093
1.0	2.3827705511327846
1.0	2.271180177874287
1.0	0.324773948589707
3.0	3.2264873109752035
3.0	3.1479600985420553
1.0	-0.3899169848848496
1.0	-0.9958906640551308
3.0	2.6325656320059396
1.0	-0.2848793972113439
2.0	2.6479089806504925
2.0	2.8042051644804276
3.0	2.743514112768198
1.0	0.16872308947408876
3.0	2.0161734718281634
2.0	1.399172504854632
3.0	3.913018160698506
1.0	0.2148426184447303
2.0	1.889435137710123
3.0	1.5319526791945473
1.0	2.496337752082673
1.0	0.6269254793360413
1.0	0.5004397898019716
3.0	3.3745731037481574
1.0	0.13961076898382108
3.0	1.472471611664573
1.0	0.8542084440596202
1.0	3.2150013334564562
1.0	1.3279923972993797
3.0	3.0731092445288026
2.0	1.0365215029711496
3.0	3.0859629035691847
2.0	2.529244142410218
3.0	2.3687803890228047
2.0	1.5050333841329127
3.0	4.741729279112528
3.0	3.168282573768938
3.0	3.971161406694558
1.0	0.8878466392102132
2.0	1.9285630822451614
3.0	4.474389857679926
1.0	1.0873256050262197
2.0	1.0830535135258137
3.0	3.147310583788215
3.0	4.401239280682843
2.0	2.3336017976325083
2.0	0.9374394791043856
3.0	3.953433922710096
2.0	1.2035028687635276
3.0	1.3827428342709098
1.0	0.9957419590747981
3.0	2.203831819725045
2.0	0.9215919210155401
3.0	2.800920403540626
3.0	3.3878145575866796
3.0	2.265740787147041
1.0	1.181446212784717
2.0	2.5074928788678053
2.0	1.1956351515644739
3.0	0.31069849220000556
3.0	3.200834221490608
1.0	1.1035324025273041
1.0	0.47573044825665056
2.0	2.519948401751205
3.0	3.459715175669828
1.0	0.6818366728465086
2.0	1.3556371167824193
1.0	0.8405360401571904
1.0	-0.3453548429168276
2.0	-0.13845049417668376
3.0	2.5614013004868714
2.0	2.019028878356783
3.0	3.363907049014567
1.0	1.4029782270175666
3.0	3.9466595559649633
2.0	0.4638910114340744
2.0	1.7560670327349586
2.0	1.6374777973516852
2.0	0.9712135538199735
1.0	2.318276913723399
3.0	1.9523381626342156
3.0	2.7037982472076765
2.0	1.509193529219179
2.0	3.9812501665061446
2.0	2.3014460372458228
3.0	2.7836466430282583
2.0	2.760670776444304
1.0	-0.19214393565395627
1.0	1.1619180424444486
3.0	3.6632030495849
3.0	3.32829095236047
3.0	2.279847352768562
3.0	3.7146832840555426
2.0	2.9960861329425903
2.0	2.367520388532528
2.0	1.665149764177283
1.0	1.180799032746623
1.0	2.0282904829125794
3.0	3.4037328254113075
3.0	1.9877073482194139
1.0	-1.0299453844773154
1.0	1.165030182554866
3.0	2.391797159149985
2.0	1.0889186027137803
1.0	0.9961809580529452
2.0	0.6869497965876512
1.0	1.2618949225859961
3.0	2.4808870265475367
2.0	1.843408001924914
3.0	2.494351942606984
3.0	2.425188923877486
1.0	0.6147529660085027
1.0	1.7061536570827047
2.0	0.5865712832704193
3.0	2.5511103396373698
3.0	4.048656531838478
3.0	2.8536425643703254
1.0	2.9092584729163864
1.0	0.9836586832880018
1.0	1.038734758319245
1.0	0.49844019426326713
3.0	1.9862435448547322
2.0	2.623168276437629
2.0	2.5545599595811135
2.0	2.5281008166736614
3.0	2.1563051879994792
3.0	2.7837298872694767
1.0	0.8098630772032561
3.0	1.043945645970136
3.0	2.8989339921098747
1.0	1.403318058388807
1.0	1.325367361518928
3.0	3.7464500448375633
3.0	1.6898383014248126
3.0	2.3688015409926666
2.0	1.9828034358822642
1.0	-0.8880515984709256
2.0	3.011175553996647
3.0	4.660313339865559
3.0	4.803871525113044
2.0	1.801954517293617
3.0	3.818597276709871
3.0	3.9106317159922166
2.0	2.547028110498214
3.0	3.1343440243381138
